#
 0,            smote_0.4,  0.55,  0.05,                     |      ----*        ,  0.27,  0.63
 0,      No_Sampling_0.0,  0.55,  0.06,                     |       --*----     ,  0.27,  0.63
 0, random_oversampling_0.2,  0.55,  0.05,                     |      ---*-        ,  0.27,  0.63
 0,   random_pruning_0.2,  0.55,  0.05,                     |     ----*         ,  0.27,  0.63
 0, intelligent_pruning1.0_0.4,  0.54,  0.04,                     |      ---*         ,  0.27,  0.63
 0, intelligent_pruning0.7_0.4,  0.54,  0.04,                     |     ---*          ,  0.27,  0.63
 0, random_oversampling_0.4,  0.54,  0.03,                     |      --*          ,  0.27,  0.63
 0, random_oversampling_0.8,  0.54,  0.05,                     |     ---*-         ,  0.27,  0.63
 0, intelligent_pruning1.0_0.2,  0.54,  0.04,                     |       -*---       ,  0.27,  0.63
 0,              RRP_0.2,  0.53,  0.01,                     |       -*          ,  0.27,  0.63
 0, intelligent_pruning0.5_0.2,  0.53,  0.04,                     |      --*-         ,  0.27,  0.63
 0, intelligent_pruning0.9_0.2,  0.53,  0.05,                     |       -*---       ,  0.27,  0.63
 0,            smote_0.2,  0.53,  0.05,                     |      --*--        ,  0.27,  0.63
 0, intelligent_pruning0.9_0.4,  0.53,  0.04,                     |     ---*-         ,  0.27,  0.63
 0,        svm_smote_0.6,  0.53,  0.07,                     | -------*          ,  0.27,  0.63
 0,              RRP_0.4,  0.53,  0.03,                     |      -*-          ,  0.27,  0.63
 0, intelligent_pruning0.9_0.6,  0.53,  0.05,                     |     --*--         ,  0.27,  0.63
 0, random_oversampling_0.6,  0.53,  0.07,                     |    ---*---        ,  0.27,  0.63
 0,        svm_smote_0.2,  0.53,  0.05,                     |      -*---        ,  0.27,  0.63
 0, intelligent_pruning0.7_0.2,  0.53,  0.06,                     |      -*-----      ,  0.27,  0.63
 0, intelligent_pruning0.5_0.4,  0.53,  0.06,                     |    ---*--         ,  0.27,  0.63
 0,            smote_0.6,  0.53,  0.08,                     |  -----*---        ,  0.27,  0.63
 0,        svm_smote_0.8,  0.53,  0.08,                     | ------*-          ,  0.27,  0.63
 0,        svm_smote_1.0,  0.53,  0.07,                     | ------*           ,  0.27,  0.63
 0,   random_pruning_0.4,  0.52,  0.03,                     |     -*-           ,  0.27,  0.63
 0,   random_pruning_0.6,  0.52,  0.04,                     |    --*-           ,  0.27,  0.63
 0, intelligent_pruning1.0_0.6,  0.52,  0.06,                     |    --*---         ,  0.27,  0.63
 0,              RRP_0.6,  0.52,  0.05,                     |    --*--          ,  0.27,  0.63
 0,        svm_smote_0.4,  0.52,  0.06,                     |   ---*---         ,  0.27,  0.63
 0, random_oversampling_1.0,  0.52,  0.06,                     |  ----*-           ,  0.27,  0.63
#
 1,            smote_1.0,  0.52,  0.08,                     | -----*---         ,  0.27,  0.63
 1, intelligent_pruning0.7_0.6,  0.51,  0.03,                     |    -*-            ,  0.27,  0.63
 1,            smote_0.8,  0.51,  0.08,                     | ----*---          ,  0.27,  0.63
 1,              RRP_1.0,  0.51,  0.07,                     |-----*-            ,  0.27,  0.63
 1,              RRP_0.8,  0.51,  0.05,                     |  ---*-            ,  0.27,  0.63
 1, intelligent_pruning0.5_0.6,  0.51,  0.06,                     | ----*--           ,  0.27,  0.63
 1,   random_pruning_0.8,  0.51,  0.05,                     |  ---*-            ,  0.27,  0.63
 1, intelligent_pruning0.9_0.8,  0.50,  0.04,                     |   -*--            ,  0.27,  0.63
 1, intelligent_pruning1.0_0.8,  0.50,  0.02,                     |   -*              ,  0.27,  0.63
#
 2, intelligent_pruning0.7_0.8,  0.49,  0.04,                     |---*               ,  0.27,  0.63
 2,   random_pruning_1.0,  0.49,  0.06,                     |---*--             ,  0.27,  0.63
 2, intelligent_pruning0.7_1.0,  0.46,  0.07,                    -*-----              ,  0.27,  0.63
#
 3, intelligent_pruning0.5_1.0,  0.45,  0.07,               -----*|-                  ,  0.27,  0.63
 3, intelligent_pruning0.9_1.0,  0.44,  0.08,             -------*|                   ,  0.27,  0.63
 3, intelligent_pruning1.0_1.0,  0.44,  0.03,                 --* |                   ,  0.27,  0.63
 3, intelligent_pruning0.5_0.8,  0.43,  0.05,                ---*-|                   ,  0.27,  0.63
