#
 0,  gaussian_copula_1.0,  0.81,  0.03,                     |             --*   ,  0.50,  0.84
 0, intelligent_pruning1.0_0.2,  0.81,  0.03,                     |            ---*   ,  0.50,  0.84
 0,  gaussian_copula_0.2,  0.81,  0.03,                     |            ---*   ,  0.50,  0.84
 0,      No_Sampling_0.0,  0.81,  0.03,                     |            ---*   ,  0.50,  0.84
 0,              RRP_0.8,  0.81,  0.03,                     |            ---*   ,  0.50,  0.84
 0,  gaussian_copula_0.4,  0.81,  0.03,                     |             --*   ,  0.50,  0.84
 0,  gaussian_copula_0.6,  0.81,  0.03,                     |             --*   ,  0.50,  0.84
 0,  gaussian_copula_0.8,  0.81,  0.03,                     |             --*   ,  0.50,  0.84
 0, intelligent_pruning0.5_0.2,  0.81,  0.03,                     |            ---*   ,  0.50,  0.84
 0, intelligent_pruning0.9_0.2,  0.81,  0.04,                     |           ----*   ,  0.50,  0.84
 0, intelligent_pruning1.0_0.4,  0.81,  0.04,                     |          -----*   ,  0.50,  0.84
 0, intelligent_pruning1.0_0.6,  0.81,  0.05,                     |           ----*   ,  0.50,  0.84
 0,   random_pruning_0.6,  0.81,  0.04,                     |           ----*   ,  0.50,  0.84
 0,              RRP_0.4,  0.80,  0.03,                     |            --*-   ,  0.50,  0.84
 0,              RRP_0.6,  0.80,  0.03,                     |             -*-   ,  0.50,  0.84
 0, intelligent_pruning0.9_0.8,  0.80,  0.03,                     |           ---*    ,  0.50,  0.84
 0, random_oversampling_0.2,  0.80,  0.04,                     |           ---*    ,  0.50,  0.84
 0,   random_pruning_0.2,  0.80,  0.03,                     |            --*-   ,  0.50,  0.84
 0,   random_pruning_0.4,  0.80,  0.03,                     |           ---*    ,  0.50,  0.84
 0,              RRP_0.2,  0.80,  0.04,                     |            --*-   ,  0.50,  0.84
 0, intelligent_pruning0.7_0.2,  0.80,  0.03,                     |            --*-   ,  0.50,  0.84
 0, intelligent_pruning1.0_0.8,  0.80,  0.03,                     |           ---*    ,  0.50,  0.84
 0,              RRP_1.0,  0.80,  0.03,                     |            --*    ,  0.50,  0.84
 0, intelligent_pruning0.5_0.4,  0.80,  0.04,                     |          ----*    ,  0.50,  0.84
 0, intelligent_pruning0.7_0.4,  0.80,  0.04,                     |           ---*    ,  0.50,  0.84
 0, intelligent_pruning0.9_0.4,  0.80,  0.04,                     |           ---*-   ,  0.50,  0.84
 0, intelligent_pruning0.9_0.6,  0.80,  0.04,                     |           ---*-   ,  0.50,  0.84
 0,            smote_0.4,  0.80,  0.04,                     |          ----*    ,  0.50,  0.84
 0,        svm_smote_0.2,  0.80,  0.04,                     |           ---*-   ,  0.50,  0.84
#
 1, intelligent_pruning0.7_0.6,  0.79,  0.04,                     |          ---*     ,  0.50,  0.84
 1,   random_pruning_0.8,  0.79,  0.04,                     |           --*-    ,  0.50,  0.84
 1,            smote_0.2,  0.79,  0.04,                     |           --*-    ,  0.50,  0.84
 1,            smote_0.6,  0.79,  0.04,                     |          ---*     ,  0.50,  0.84
 1,        svm_smote_0.4,  0.79,  0.04,                     |           --*--   ,  0.50,  0.84
 1, random_oversampling_0.4,  0.79,  0.04,                     |          ---*-    ,  0.50,  0.84
 1, random_oversampling_0.6,  0.79,  0.04,                     |          ---*     ,  0.50,  0.84
 1,            smote_1.0,  0.79,  0.05,                     |         ----*-    ,  0.50,  0.84
 1,        svm_smote_0.6,  0.79,  0.05,                     |          ---*-    ,  0.50,  0.84
 1, random_oversampling_0.8,  0.79,  0.04,                     |         ---*-     ,  0.50,  0.84
 1,            smote_0.8,  0.79,  0.04,                     |          --*-     ,  0.50,  0.84
 1,        svm_smote_0.8,  0.79,  0.04,                     |         ---*-     ,  0.50,  0.84
 1,        svm_smote_1.0,  0.79,  0.05,                     |         ---*--    ,  0.50,  0.84
 1, random_oversampling_1.0,  0.78,  0.04,                     |         ---*-     ,  0.50,  0.84
#
 2, intelligent_pruning0.5_1.0,  0.77,  0.07,                     |   -------*        ,  0.50,  0.84
 2, intelligent_pruning0.9_1.0,  0.77,  0.06,                     |       ---*---     ,  0.50,  0.84
 2, intelligent_pruning0.7_0.8,  0.77,  0.06,                     |       ---*---     ,  0.50,  0.84
 2,   random_pruning_1.0,  0.77,  0.05,                     |       ---*--      ,  0.50,  0.84
 2, intelligent_pruning0.5_0.6,  0.76,  0.05,                     |      ----*-       ,  0.50,  0.84
 2, intelligent_pruning0.5_0.8,  0.76,  0.07,                     |    ------*        ,  0.50,  0.84
 2, intelligent_pruning0.7_1.0,  0.76,  0.07,                     |   ------*-        ,  0.50,  0.84
 2, intelligent_pruning1.0_1.0,  0.75,  0.05,                     |      --*---       ,  0.50,  0.84
