#
 0,              RRP_0.2,  0.15,  0.08,             ----*---|                   ,  0.00,  0.36
 0,              RRP_0.4,  0.14,  0.07,             ---*----|                   ,  0.00,  0.36
 0,              RRP_0.6,  0.14,  0.07,             ---*----|                   ,  0.00,  0.36
 0,              RRP_1.0,  0.14,  0.07,             ---*----|                   ,  0.00,  0.36
 0,              RRP_0.8,  0.14,  0.08,             --*-----|                   ,  0.00,  0.36
#
 1, intelligent_pruning0.7_0.2,  0.07,  0.06,    -----*-          |                   ,  0.00,  0.36
 1, intelligent_pruning0.9_0.2,  0.07,  0.06,    ----*--          |                   ,  0.00,  0.36
 1, intelligent_pruning1.0_0.4,  0.07,  0.06,    ----*--          |                   ,  0.00,  0.36
 1, intelligent_pruning0.9_0.4,  0.07,  0.06,    ----*--          |                   ,  0.00,  0.36
#
 2, intelligent_pruning1.0_0.8,  0.06,  0.05,    ----*-           |                   ,  0.00,  0.36
 2, intelligent_pruning0.9_1.0,  0.06,  0.03,     --*             |                   ,  0.00,  0.36
 2, intelligent_pruning0.5_0.2,  0.06,  0.06,     --*---          |                   ,  0.00,  0.36
 2,  gaussian_copula_0.6,  0.06,  0.06,    ---*---          |                   ,  0.00,  0.36
 2, intelligent_pruning0.7_0.4,  0.06,  0.06,    ---*--           |                   ,  0.00,  0.36
 2,   random_pruning_0.4,  0.06,  0.05,    ---*--           |                   ,  0.00,  0.36
 2,   random_pruning_0.6,  0.06,  0.06,    ---*--           |                   ,  0.00,  0.36
 2, intelligent_pruning1.0_0.2,  0.06,  0.06,    ---*---          |                   ,  0.00,  0.36
 2,  gaussian_copula_0.8,  0.05,  0.06,    ---*---          |                   ,  0.00,  0.36
 2, intelligent_pruning0.5_1.0,  0.05,  0.04,   ----*             |                   ,  0.00,  0.36
 2, intelligent_pruning0.5_0.8,  0.05,  0.03,    --*              |                   ,  0.00,  0.36
 2, intelligent_pruning1.0_0.6,  0.05,  0.08,    --*------        |                   ,  0.00,  0.36
 2,   random_pruning_1.0,  0.05,  0.05,    --*--            |                   ,  0.00,  0.36
 2, intelligent_pruning1.0_1.0,  0.05,  0.02,     -*-             |                   ,  0.00,  0.36
#
 3, intelligent_pruning0.7_0.8,  0.05,  0.03,     -*--            |                   ,  0.00,  0.36
 3,   random_pruning_0.8,  0.05,  0.06,    --*----          |                   ,  0.00,  0.36
 3, intelligent_pruning0.5_0.4,  0.05,  0.04,     -*--            |                   ,  0.00,  0.36
 3, intelligent_pruning0.9_0.8,  0.05,  0.05,    --*---           |                   ,  0.00,  0.36
#
 4,   random_pruning_0.2,  0.05,  0.05,    --*---           |                   ,  0.00,  0.36
 4, intelligent_pruning0.7_1.0,  0.05,  0.02,     -*              |                   ,  0.00,  0.36
 4,  gaussian_copula_0.4,  0.05,  0.06,    --*---           |                   ,  0.00,  0.36
 4,  gaussian_copula_1.0,  0.05,  0.06,    --*---           |                   ,  0.00,  0.36
 4, intelligent_pruning0.5_0.6,  0.05,  0.02,     -*-             |                   ,  0.00,  0.36
 4, intelligent_pruning0.9_0.6,  0.05,  0.06,    --*----          |                   ,  0.00,  0.36
 4, intelligent_pruning0.7_0.6,  0.05,  0.08,    --*-----         |                   ,  0.00,  0.36
 4,  gaussian_copula_0.2,  0.05,  0.06,    --*----          |                   ,  0.00,  0.36
 4,      No_Sampling_0.0,  0.00,  0.00, *                   |                   ,  0.00,  0.36
 4, random_oversampling_0.2,  0.00,  0.17, *-----------------  |                   ,  0.00,  0.36
 4, random_oversampling_0.4,  0.00,  0.00, *                   |                   ,  0.00,  0.36
 4, random_oversampling_0.6,  0.00,  0.00, *                   |                   ,  0.00,  0.36
#
 5, random_oversampling_0.8,  0.00,  0.00, *                   |                   ,  0.00,  0.36
 5, random_oversampling_1.0,  0.00,  0.00, *                   |                   ,  0.00,  0.36
 5,            smote_0.2,  0.00,  0.00, *                   |                   ,  0.00,  0.36
 5,            smote_0.4,  0.00,  0.06, *-----              |                   ,  0.00,  0.36
 5,            smote_0.6,  0.00,  0.00, *                   |                   ,  0.00,  0.36
 5,            smote_0.8,  0.00,  0.10, *----------         |                   ,  0.00,  0.36
 5,            smote_1.0,  0.00,  0.00, *                   |                   ,  0.00,  0.36
#
 6,        svm_smote_0.2,  0.00,  0.00, *                   |                   ,  0.00,  0.36
 6,        svm_smote_0.4,  0.00,  0.00, *                   |                   ,  0.00,  0.36
 6,        svm_smote_0.6,  0.00,  0.00, *                   |                   ,  0.00,  0.36
 6,        svm_smote_0.8,  0.00,  0.00, *                   |                   ,  0.00,  0.36
 6,        svm_smote_1.0,  0.00,  0.00, *                   |                   ,  0.00,  0.36
