algo,ratio,seed,learner,acc,prec,rec,f1,auc_roc
No_Sampling,0,82,LR,0.9902912621359223,0.0,0.0,0.0,0.6544117647058824
No_Sampling,0,82,SVM,0.9902912621359223,0.0,0.0,0.0,0.6979166666666667
No_Sampling,0,82,DT,0.9587378640776699,0.0,0.0,0.0,0.4840686274509804
No_Sampling,0,82,GB,0.9830097087378641,0.0,0.0,0.0,0.5294117647058824
No_Sampling,0,82,lightGBM,0.9878640776699029,0.0,0.0,0.0,0.41544117647058826
No_Sampling,0,15,LR,0.9854368932038835,0.0,0.0,0.0,0.5812807881773399
No_Sampling,0,15,SVM,0.9854368932038835,0.0,0.0,0.0,0.625615763546798
No_Sampling,0,15,DT,0.9733009708737864,0.0,0.0,0.0,0.4938423645320197
No_Sampling,0,15,GB,0.9830097087378641,0.0,0.0,0.0,0.5328407224958949
No_Sampling,0,15,lightGBM,0.9854368932038835,0.0,0.0,0.0,0.6332101806239737
No_Sampling,0,4,LR,0.9805825242718447,0.0,0.0,0.0,0.6317460317460317
No_Sampling,0,4,SVM,0.9830097087378641,0.0,0.0,0.0,0.7001763668430335
No_Sampling,0,4,DT,0.970873786407767,0.0,0.0,0.0,0.49382716049382713
No_Sampling,0,4,GB,0.9781553398058253,0.0,0.0,0.0,0.6968253968253968
No_Sampling,0,4,lightGBM,0.9830097087378641,0.0,0.0,0.0,0.6014109347442681
No_Sampling,0,95,LR,0.9830097087378641,0.0,0.0,0.0,0.7410934744268077
No_Sampling,0,95,SVM,0.9830097087378641,0.0,0.0,0.0,0.4719576719576719
No_Sampling,0,95,DT,0.9733009708737864,0.0,0.0,0.0,0.49506172839506174
No_Sampling,0,95,GB,0.9781553398058253,0.0,0.0,0.0,0.5421516754850091
No_Sampling,0,95,lightGBM,0.9830097087378641,0.0,0.0,0.0,0.7753086419753087
No_Sampling,0,36,LR,0.9902912621359223,0.0,0.0,0.0,0.34191176470588236
No_Sampling,0,36,SVM,0.9902912621359223,0.0,0.0,0.0,0.8615196078431373
No_Sampling,0,36,DT,0.9805825242718447,0.0,0.0,0.0,0.4950980392156863
No_Sampling,0,36,GB,0.9805825242718447,0.0,0.0,0.0,0.4865196078431372
No_Sampling,0,36,lightGBM,0.9878640776699029,0.0,0.0,0.0,0.3517156862745098
No_Sampling,0,32,LR,0.9854368932038835,0.0,0.0,0.0,0.6417690417690418
No_Sampling,0,32,SVM,0.9878640776699029,0.0,0.0,0.0,0.43046683046683043
No_Sampling,0,32,DT,0.9635922330097088,0.0,0.0,0.0,0.4877149877149877
No_Sampling,0,32,GB,0.9830097087378641,0.0,0.0,0.0,0.7061425061425062
No_Sampling,0,32,lightGBM,0.9878640776699029,0.0,0.0,0.0,0.7140049140049141
No_Sampling,0,29,LR,0.9830097087378641,0.0,0.0,0.0,0.6430335097001764
No_Sampling,0,29,SVM,0.9830097087378641,0.0,0.0,0.0,0.3700176366843033
No_Sampling,0,29,DT,0.9635922330097088,0.0,0.0,0.0,0.4901234567901235
No_Sampling,0,29,GB,0.9757281553398058,0.0,0.0,0.0,0.772310405643739
No_Sampling,0,29,lightGBM,0.9830097087378641,0.0,0.0,0.0,0.7714285714285715
No_Sampling,0,18,LR,0.9830097087378641,0.0,0.0,0.0,0.8084656084656084
No_Sampling,0,18,SVM,0.9830097087378641,0.0,0.0,0.0,0.6250440917107583
No_Sampling,0,18,DT,0.9611650485436893,0.0,0.0,0.0,0.4888888888888889
No_Sampling,0,18,GB,0.9733009708737864,0.0,0.0,0.0,0.5922398589065255
No_Sampling,0,18,lightGBM,0.9830097087378641,0.0,0.0,0.0,0.6149911816578484
No_Sampling,0,14,LR,0.9830097087378641,0.0,0.0,0.0,0.7153439153439154
No_Sampling,0,14,SVM,0.9830097087378641,0.0,0.0,0.0,0.4991181657848325
No_Sampling,0,14,DT,0.9781553398058253,0.0,0.0,0.0,0.49753086419753084
No_Sampling,0,14,GB,0.9830097087378641,0.0,0.0,0.0,0.6594356261022927
No_Sampling,0,14,lightGBM,0.9830097087378641,0.0,0.0,0.0,0.4797178130511464
No_Sampling,0,87,LR,0.9878640776699029,0.0,0.0,0.0,0.7754299754299754
No_Sampling,0,87,SVM,0.9878640776699029,0.0,0.0,0.0,0.35233415233415233
No_Sampling,0,87,DT,0.9684466019417476,0.0,0.0,0.0,0.49017199017199015
No_Sampling,0,87,GB,0.9805825242718447,0.0,0.0,0.0,0.6746928746928746
No_Sampling,0,87,lightGBM,0.9854368932038835,0.0,0.0,0.0,0.7439803439803441
