algo,ratio,seed,learner,acc,prec,rec,f1,auc_roc
random_oversampling,0.2,82,LR,0.9660194174757282,0.0,0.0,0.0,0.6838235294117647
random_oversampling,0.2,82,SVM,0.9805825242718447,0.0,0.0,0.0,0.4877450980392157
random_oversampling,0.2,82,DT,0.9830097087378641,0.2,0.25,0.22222222222222224,0.6200980392156863
random_oversampling,0.2,82,GB,0.9805825242718447,0.0,0.0,0.0,0.7261029411764706
random_oversampling,0.2,82,lightGBM,0.9902912621359223,0.0,0.0,0.0,0.36734068627450983
random_oversampling,0.4,82,LR,0.9320388349514563,0.0,0.0,0.0,0.6973039215686274
random_oversampling,0.4,82,SVM,0.9733009708737864,0.0,0.0,0.0,0.727328431372549
random_oversampling,0.4,82,DT,0.9781553398058253,0.0,0.0,0.0,0.49387254901960786
random_oversampling,0.4,82,GB,0.9781553398058253,0.0,0.0,0.0,0.7604166666666667
random_oversampling,0.4,82,lightGBM,0.9878640776699029,0.0,0.0,0.0,0.5229779411764706
random_oversampling,0.6,82,LR,0.9029126213592233,0.02631578947368421,0.25,0.04761904761904762,0.7071078431372548
random_oversampling,0.6,82,SVM,0.9514563106796117,0.0,0.0,0.0,0.8198529411764707
random_oversampling,0.6,82,DT,0.9830097087378641,0.0,0.0,0.0,0.4963235294117647
random_oversampling,0.6,82,GB,0.9733009708737864,0.0,0.0,0.0,0.7628676470588235
random_oversampling,0.6,82,lightGBM,0.9878640776699029,0.0,0.0,0.0,0.3216911764705882
random_oversampling,0.8,82,LR,0.8519417475728155,0.01694915254237288,0.25,0.031746031746031744,0.7162990196078431
random_oversampling,0.8,82,SVM,0.9004854368932039,0.02564102564102564,0.25,0.04651162790697674,0.8216911764705882
random_oversampling,0.8,82,DT,0.9830097087378641,0.0,0.0,0.0,0.4963235294117647
random_oversampling,0.8,82,GB,0.970873786407767,0.0,0.0,0.0,0.7359068627450981
random_oversampling,0.8,82,lightGBM,0.9757281553398058,0.0,0.0,0.0,0.28829656862745096
random_oversampling,1.0,82,LR,0.8009708737864077,0.024390243902439025,0.5,0.046511627906976744,0.71875
random_oversampling,1.0,82,SVM,0.8810679611650486,0.04081632653061224,0.5,0.07547169811320753,0.8149509803921569
random_oversampling,1.0,82,DT,0.9854368932038835,0.0,0.0,0.0,0.49754901960784315
random_oversampling,1.0,82,GB,0.9611650485436893,0.0,0.0,0.0,0.774203431372549
random_oversampling,1.0,82,lightGBM,0.9781553398058253,0.0,0.0,0.0,0.27818627450980393
random_oversampling,0.2,15,LR,0.9563106796116505,0.0,0.0,0.0,0.5857963875205254
random_oversampling,0.2,15,SVM,0.9757281553398058,0.0,0.0,0.0,0.7590311986863711
random_oversampling,0.2,15,DT,0.970873786407767,0.0,0.0,0.0,0.49261083743842365
random_oversampling,0.2,15,GB,0.9757281553398058,0.0,0.0,0.0,0.6902709359605912
random_oversampling,0.2,15,lightGBM,0.9781553398058253,0.0,0.0,0.0,0.5816912972085385
random_oversampling,0.4,15,LR,0.9029126213592233,0.0,0.0,0.0,0.5853858784893267
random_oversampling,0.4,15,SVM,0.9150485436893204,0.0,0.0,0.0,0.7335796387520526
random_oversampling,0.4,15,DT,0.970873786407767,0.0,0.0,0.0,0.49261083743842365
random_oversampling,0.4,15,GB,0.9757281553398058,0.0,0.0,0.0,0.6713875205254515
random_oversampling,0.4,15,lightGBM,0.9757281553398058,0.0,0.0,0.0,0.5080049261083743
random_oversampling,0.6,15,LR,0.8883495145631068,0.0,0.0,0.0,0.5894909688013137
random_oversampling,0.6,15,SVM,0.9053398058252428,0.0,0.0,0.0,0.7590311986863711
random_oversampling,0.6,15,DT,0.9684466019417476,0.0,0.0,0.0,0.49137931034482757
random_oversampling,0.6,15,GB,0.9733009708737864,0.0,0.0,0.0,0.6623563218390804
random_oversampling,0.6,15,lightGBM,0.9781553398058253,0.0,0.0,0.0,0.6639983579638753
random_oversampling,0.8,15,LR,0.8592233009708737,0.018518518518518517,0.16666666666666666,0.03333333333333333,0.5862068965517241
random_oversampling,0.8,15,SVM,0.8980582524271845,0.0,0.0,0.0,0.7553366174055829
random_oversampling,0.8,15,DT,0.9660194174757282,0.0,0.0,0.0,0.49014778325123154
random_oversampling,0.8,15,GB,0.9635922330097088,0.0,0.0,0.0,0.694376026272578
random_oversampling,0.8,15,lightGBM,0.9781553398058253,0.0,0.0,0.0,0.6052955665024631
random_oversampling,1.0,15,LR,0.8131067961165048,0.0136986301369863,0.16666666666666666,0.02531645569620253,0.5845648604269293
random_oversampling,1.0,15,SVM,0.8737864077669902,0.020833333333333332,0.16666666666666666,0.037037037037037035,0.7463054187192119
random_oversampling,1.0,15,DT,0.9684466019417476,0.0,0.0,0.0,0.49137931034482757
random_oversampling,1.0,15,GB,0.9635922330097088,0.0,0.0,0.0,0.6890394088669951
random_oversampling,1.0,15,lightGBM,0.9781553398058253,0.0,0.0,0.0,0.2961822660098522
random_oversampling,0.2,4,LR,0.9538834951456311,0.0,0.0,0.0,0.5255731922398589
random_oversampling,0.2,4,SVM,0.9757281553398058,0.0,0.0,0.0,0.6469135802469135
random_oversampling,0.2,4,DT,0.9781553398058253,0.0,0.0,0.0,0.49753086419753084
random_oversampling,0.2,4,GB,0.9781553398058253,0.0,0.0,0.0,0.646384479717813
random_oversampling,0.2,4,lightGBM,0.9805825242718447,0.0,0.0,0.0,0.5724867724867725
random_oversampling,0.4,4,LR,0.9223300970873787,0.0,0.0,0.0,0.5601410934744269
random_oversampling,0.4,4,SVM,0.9635922330097088,0.0,0.0,0.0,0.7001763668430335
random_oversampling,0.4,4,DT,0.9757281553398058,0.0,0.0,0.0,0.4962962962962963
random_oversampling,0.4,4,GB,0.9757281553398058,0.0,0.0,0.0,0.6396825396825396
random_oversampling,0.4,4,lightGBM,0.9805825242718447,0.0,0.0,0.0,0.473721340388007
random_oversampling,0.6,4,LR,0.8907766990291263,0.0,0.0,0.0,0.5566137566137566
random_oversampling,0.6,4,SVM,0.9174757281553398,0.034482758620689655,0.14285714285714285,0.05555555555555555,0.6634920634920635
random_oversampling,0.6,4,DT,0.9781553398058253,0.0,0.0,0.0,0.49753086419753084
random_oversampling,0.6,4,GB,0.9757281553398058,0.0,0.0,0.0,0.6493827160493826
random_oversampling,0.6,4,lightGBM,0.9781553398058253,0.0,0.0,0.0,0.5564373897707231
random_oversampling,0.8,4,LR,0.866504854368932,0.038461538461538464,0.2857142857142857,0.06779661016949154,0.5721340388007055
random_oversampling,0.8,4,SVM,0.9101941747572816,0.03125,0.14285714285714285,0.05128205128205128,0.6567901234567901
random_oversampling,0.8,4,DT,0.9781553398058253,0.0,0.0,0.0,0.49753086419753084
random_oversampling,0.8,4,GB,0.970873786407767,0.0,0.0,0.0,0.6278659611992945
random_oversampling,0.8,4,lightGBM,0.9781553398058253,0.0,0.0,0.0,0.4721340388007054
random_oversampling,1.0,4,LR,0.837378640776699,0.045454545454545456,0.42857142857142855,0.0821917808219178,0.5689594356261023
random_oversampling,1.0,4,SVM,0.9029126213592233,0.02857142857142857,0.14285714285714285,0.04761904761904761,0.6525573192239859
random_oversampling,1.0,4,DT,0.9733009708737864,0.0,0.0,0.0,0.49506172839506174
random_oversampling,1.0,4,GB,0.9684466019417476,0.0,0.0,0.0,0.6333333333333333
random_oversampling,1.0,4,lightGBM,0.9781553398058253,0.0,0.0,0.0,0.42451499118165786
random_oversampling,0.2,95,LR,0.970873786407767,0.14285714285714285,0.14285714285714285,0.14285714285714285,0.7188712522045855
random_oversampling,0.2,95,SVM,0.9757281553398058,0.0,0.0,0.0,0.5918871252204585
random_oversampling,0.2,95,DT,0.9830097087378641,0.5,0.2857142857142857,0.36363636363636365,0.6403880070546737
random_oversampling,0.2,95,GB,0.9805825242718447,0.0,0.0,0.0,0.6564373897707231
random_oversampling,0.2,95,lightGBM,0.9830097087378641,0.0,0.0,0.0,0.709347442680776
random_oversampling,0.4,95,LR,0.9271844660194175,0.04,0.14285714285714285,0.0625,0.7149911816578483
random_oversampling,0.4,95,SVM,0.941747572815534,0.0,0.0,0.0,0.6067019400352733
random_oversampling,0.4,95,DT,0.9781553398058253,0.0,0.0,0.0,0.49753086419753084
random_oversampling,0.4,95,GB,0.9757281553398058,0.0,0.0,0.0,0.6839506172839506
random_oversampling,0.4,95,lightGBM,0.9805825242718447,0.0,0.0,0.0,0.6890652557319223
random_oversampling,0.6,95,LR,0.912621359223301,0.06060606060606061,0.2857142857142857,0.1,0.6977072310405643
random_oversampling,0.6,95,SVM,0.9174757281553398,0.06451612903225806,0.2857142857142857,0.10526315789473685,0.5798941798941799
random_oversampling,0.6,95,DT,0.9733009708737864,0.0,0.0,0.0,0.49506172839506174
random_oversampling,0.6,95,GB,0.9757281553398058,0.0,0.0,0.0,0.6691358024691357
random_oversampling,0.6,95,lightGBM,0.9805825242718447,0.0,0.0,0.0,0.688888888888889
random_oversampling,0.8,95,LR,0.883495145631068,0.06382978723404255,0.42857142857142855,0.1111111111111111,0.689594356261023
random_oversampling,0.8,95,SVM,0.8398058252427184,0.031746031746031744,0.2857142857142857,0.057142857142857134,0.5802469135802469
random_oversampling,0.8,95,DT,0.9733009708737864,0.0,0.0,0.0,0.49506172839506174
random_oversampling,0.8,95,GB,0.970873786407767,0.0,0.0,0.0,0.6176366843033508
random_oversampling,0.8,95,lightGBM,0.9805825242718447,0.0,0.0,0.0,0.6675485008818342
random_oversampling,1.0,95,LR,0.837378640776699,0.045454545454545456,0.42857142857142855,0.0821917808219178,0.674074074074074
random_oversampling,1.0,95,SVM,0.7645631067961165,0.02127659574468085,0.2857142857142857,0.039603960396039604,0.5742504409171075
random_oversampling,1.0,95,DT,0.9757281553398058,0.0,0.0,0.0,0.4962962962962963
random_oversampling,1.0,95,GB,0.9538834951456311,0.0,0.0,0.0,0.6081128747795413
random_oversampling,1.0,95,lightGBM,0.9781553398058253,0.0,0.0,0.0,0.5562610229276896
random_oversampling,0.2,36,LR,0.9635922330097088,0.0,0.0,0.0,0.34068627450980393
random_oversampling,0.2,36,SVM,0.9733009708737864,0.0,0.0,0.0,0.5404411764705882
random_oversampling,0.2,36,DT,0.9781553398058253,0.0,0.0,0.0,0.49387254901960786
random_oversampling,0.2,36,GB,0.9781553398058253,0.0,0.0,0.0,0.46844362745098034
random_oversampling,0.2,36,lightGBM,0.9902912621359223,0.0,0.0,0.0,0.4139093137254902
random_oversampling,0.4,36,LR,0.9053398058252428,0.0,0.0,0.0,0.36825980392156865
random_oversampling,0.4,36,SVM,0.9029126213592233,0.0,0.0,0.0,0.47058823529411764
random_oversampling,0.4,36,DT,0.9781553398058253,0.0,0.0,0.0,0.49387254901960786
random_oversampling,0.4,36,GB,0.9757281553398058,0.0,0.0,0.0,0.44791666666666663
random_oversampling,0.4,36,lightGBM,0.9878640776699029,0.0,0.0,0.0,0.43566176470588236
random_oversampling,0.6,36,LR,0.8592233009708737,0.0,0.0,0.0,0.4564950980392157
random_oversampling,0.6,36,SVM,0.883495145631068,0.0,0.0,0.0,0.45588235294117646
random_oversampling,0.6,36,DT,0.9781553398058253,0.0,0.0,0.0,0.49387254901960786
random_oversampling,0.6,36,GB,0.9684466019417476,0.0,0.0,0.0,0.3425245098039216
random_oversampling,0.6,36,lightGBM,0.9878640776699029,0.0,0.0,0.0,0.42830882352941174
random_oversampling,0.8,36,LR,0.8155339805825242,0.0,0.0,0.0,0.4583333333333333
random_oversampling,0.8,36,SVM,0.837378640776699,0.0,0.0,0.0,0.4319852941176471
random_oversampling,0.8,36,DT,0.9805825242718447,0.0,0.0,0.0,0.4950980392156863
random_oversampling,0.8,36,GB,0.9587378640776699,0.0,0.0,0.0,0.3946078431372549
random_oversampling,0.8,36,lightGBM,0.9878640776699029,0.0,0.0,0.0,0.45128676470588236
random_oversampling,1.0,36,LR,0.7669902912621359,0.0,0.0,0.0,0.4693627450980392
random_oversampling,1.0,36,SVM,0.8058252427184466,0.0,0.0,0.0,0.4417892156862745
random_oversampling,1.0,36,DT,0.9781553398058253,0.0,0.0,0.0,0.49387254901960786
random_oversampling,1.0,36,GB,0.9587378640776699,0.0,0.0,0.0,0.32138480392156865
random_oversampling,1.0,36,lightGBM,0.9854368932038835,0.0,0.0,0.0,0.30729166666666674
random_oversampling,0.2,32,LR,0.9514563106796117,0.058823529411764705,0.2,0.0909090909090909,0.6599508599508599
random_oversampling,0.2,32,SVM,0.9805825242718447,0.0,0.0,0.0,0.5528255528255528
random_oversampling,0.2,32,DT,0.970873786407767,0.0,0.0,0.0,0.4914004914004914
random_oversampling,0.2,32,GB,0.9830097087378641,0.0,0.0,0.0,0.7899262899262899
random_oversampling,0.2,32,lightGBM,0.9878640776699029,0.0,0.0,0.0,0.7046683046683047
random_oversampling,0.4,32,LR,0.9101941747572816,0.05555555555555555,0.4,0.09756097560975609,0.6825552825552825
random_oversampling,0.4,32,SVM,0.9393203883495146,0.0,0.0,0.0,0.5941031941031941
random_oversampling,0.4,32,DT,0.9684466019417476,0.0,0.0,0.0,0.49017199017199015
random_oversampling,0.4,32,GB,0.9854368932038835,0.3333333333333333,0.2,0.25,0.8073710073710073
random_oversampling,0.4,32,lightGBM,0.9878640776699029,0.0,0.0,0.0,0.7054054054054054
random_oversampling,0.6,32,LR,0.8713592233009708,0.038461538461538464,0.4,0.07017543859649124,0.684029484029484
random_oversampling,0.6,32,SVM,0.8883495145631068,0.044444444444444446,0.4,0.07999999999999999,0.5813267813267814
random_oversampling,0.6,32,DT,0.9781553398058253,0.16666666666666666,0.2,0.1818181818181818,0.5938574938574939
random_oversampling,0.6,32,GB,0.9733009708737864,0.125,0.2,0.15384615384615385,0.8100737100737101
random_oversampling,0.6,32,lightGBM,0.9902912621359223,1.0,0.2,0.33333333333333337,0.5486486486486487
random_oversampling,0.8,32,LR,0.8300970873786407,0.04225352112676056,0.6,0.07894736842105261,0.6845208845208846
random_oversampling,0.8,32,SVM,0.8495145631067961,0.03278688524590164,0.4,0.060606060606060615,0.5955773955773956
random_oversampling,0.8,32,DT,0.9757281553398058,0.14285714285714285,0.2,0.16666666666666666,0.5926289926289926
random_oversampling,0.8,32,GB,0.9757281553398058,0.14285714285714285,0.2,0.16666666666666666,0.7987714987714988
random_oversampling,0.8,32,lightGBM,0.9878640776699029,0.0,0.0,0.0,0.6007371007371008
random_oversampling,1.0,32,LR,0.7961165048543689,0.03529411764705882,0.6,0.06666666666666667,0.6855036855036855
random_oversampling,1.0,32,SVM,0.7961165048543689,0.024096385542168676,0.4,0.045454545454545456,0.5926289926289927
random_oversampling,1.0,32,DT,0.9781553398058253,0.16666666666666666,0.2,0.1818181818181818,0.5938574938574939
random_oversampling,1.0,32,GB,0.9660194174757282,0.09090909090909091,0.2,0.12500000000000003,0.8046683046683046
random_oversampling,1.0,32,lightGBM,0.9854368932038835,0.0,0.0,0.0,0.6336609336609337
random_oversampling,0.2,29,LR,0.9733009708737864,0.16666666666666666,0.14285714285714285,0.15384615384615383,0.6335097001763668
random_oversampling,0.2,29,SVM,0.9781553398058253,0.0,0.0,0.0,0.6430335097001764
random_oversampling,0.2,29,DT,0.9757281553398058,0.2,0.14285714285714285,0.16666666666666666,0.5664902998236332
random_oversampling,0.2,29,GB,0.9805825242718447,0.0,0.0,0.0,0.7213403880070547
random_oversampling,0.2,29,lightGBM,0.9830097087378641,0.0,0.0,0.0,0.6596119929453262
random_oversampling,0.4,29,LR,0.9296116504854369,0.041666666666666664,0.14285714285714285,0.06451612903225806,0.6395061728395062
random_oversampling,0.4,29,SVM,0.9368932038834952,0.047619047619047616,0.14285714285714285,0.07142857142857142,0.5721340388007055
random_oversampling,0.4,29,DT,0.9781553398058253,0.0,0.0,0.0,0.49753086419753084
random_oversampling,0.4,29,GB,0.9781553398058253,0.0,0.0,0.0,0.7059964726631393
random_oversampling,0.4,29,lightGBM,0.9830097087378641,0.0,0.0,0.0,0.8356261022927689
random_oversampling,0.6,29,LR,0.8883495145631068,0.024390243902439025,0.14285714285714285,0.04166666666666667,0.637389770723104
random_oversampling,0.6,29,SVM,0.9223300970873787,0.037037037037037035,0.14285714285714285,0.058823529411764705,0.5590828924162257
random_oversampling,0.6,29,DT,0.9733009708737864,0.0,0.0,0.0,0.49506172839506174
random_oversampling,0.6,29,GB,0.9781553398058253,0.25,0.14285714285714285,0.18181818181818182,0.7155202821869487
random_oversampling,0.6,29,lightGBM,0.9830097087378641,0.0,0.0,0.0,0.8188712522045856
random_oversampling,0.8,29,LR,0.866504854368932,0.038461538461538464,0.2857142857142857,0.06779661016949154,0.6313932980599648
random_oversampling,0.8,29,SVM,0.8956310679611651,0.02631578947368421,0.14285714285714285,0.044444444444444446,0.6045855379188713
random_oversampling,0.8,29,DT,0.9733009708737864,0.0,0.0,0.0,0.49506172839506174
random_oversampling,0.8,29,GB,0.9781553398058253,0.25,0.14285714285714285,0.18181818181818182,0.7038800705467372
random_oversampling,0.8,29,lightGBM,0.9805825242718447,0.0,0.0,0.0,0.5744268077601411
random_oversampling,1.0,29,LR,0.837378640776699,0.03125,0.2857142857142857,0.056338028169014086,0.6285714285714286
random_oversampling,1.0,29,SVM,0.8446601941747572,0.01694915254237288,0.14285714285714285,0.030303030303030297,0.6095238095238096
random_oversampling,1.0,29,DT,0.9733009708737864,0.0,0.0,0.0,0.49506172839506174
random_oversampling,1.0,29,GB,0.9733009708737864,0.25,0.2857142857142857,0.26666666666666666,0.6848324514991181
random_oversampling,1.0,29,lightGBM,0.9805825242718447,0.0,0.0,0.0,0.592063492063492
random_oversampling,0.2,18,LR,0.9684466019417476,0.125,0.14285714285714285,0.13333333333333333,0.7728395061728395
random_oversampling,0.2,18,SVM,0.9805825242718447,0.0,0.0,0.0,0.32134038800705467
random_oversampling,0.2,18,DT,0.9660194174757282,0.0,0.0,0.0,0.49135802469135803
random_oversampling,0.2,18,GB,0.9781553398058253,0.0,0.0,0.0,0.6245149911816578
random_oversampling,0.2,18,lightGBM,0.9830097087378641,0.0,0.0,0.0,0.5940035273368606
random_oversampling,0.4,18,LR,0.912621359223301,0.06060606060606061,0.2857142857142857,0.1,0.7844797178130511
random_oversampling,0.4,18,SVM,0.9150485436893204,0.0,0.0,0.0,0.38271604938271603
random_oversampling,0.4,18,DT,0.9635922330097088,0.0,0.0,0.0,0.4901234567901235
random_oversampling,0.4,18,GB,0.970873786407767,0.0,0.0,0.0,0.6063492063492063
random_oversampling,0.4,18,lightGBM,0.9830097087378641,0.0,0.0,0.0,0.5430335097001764
random_oversampling,0.6,18,LR,0.8543689320388349,0.06557377049180328,0.5714285714285714,0.11764705882352942,0.7911816578483245
random_oversampling,0.6,18,SVM,0.8859223300970874,0.023809523809523808,0.14285714285714285,0.04081632653061224,0.364021164021164
random_oversampling,0.6,18,DT,0.9757281553398058,0.0,0.0,0.0,0.4962962962962963
random_oversampling,0.6,18,GB,0.9684466019417476,0.125,0.14285714285714285,0.13333333333333333,0.546031746031746
random_oversampling,0.6,18,lightGBM,0.9830097087378641,0.0,0.0,0.0,0.5363315696649031
random_oversampling,0.8,18,LR,0.7912621359223301,0.056179775280898875,0.7142857142857143,0.10416666666666666,0.8045855379188712
random_oversampling,0.8,18,SVM,0.8689320388349514,0.0,0.0,0.0,0.35978835978835977
random_oversampling,0.8,18,DT,0.9757281553398058,0.0,0.0,0.0,0.4962962962962963
random_oversampling,0.8,18,GB,0.970873786407767,0.0,0.0,0.0,0.5619047619047619
random_oversampling,0.8,18,lightGBM,0.9805825242718447,0.0,0.0,0.0,0.4901234567901234
random_oversampling,1.0,18,LR,0.7233009708737864,0.042735042735042736,0.7142857142857143,0.08064516129032259,0.801058201058201
random_oversampling,1.0,18,SVM,0.8495145631067961,0.0,0.0,0.0,0.3601410934744268
random_oversampling,1.0,18,DT,0.9757281553398058,0.0,0.0,0.0,0.4962962962962963
random_oversampling,1.0,18,GB,0.9635922330097088,0.1,0.14285714285714285,0.11764705882352941,0.5710758377425045
random_oversampling,1.0,18,lightGBM,0.9781553398058253,0.0,0.0,0.0,0.4347442680776014
random_oversampling,0.2,14,LR,0.9684466019417476,0.125,0.14285714285714285,0.13333333333333333,0.7541446208112874
random_oversampling,0.2,14,SVM,0.9684466019417476,0.0,0.0,0.0,0.5485008818342152
random_oversampling,0.2,14,DT,0.9733009708737864,0.0,0.0,0.0,0.49506172839506174
random_oversampling,0.2,14,GB,0.9757281553398058,0.0,0.0,0.0,0.535978835978836
random_oversampling,0.2,14,lightGBM,0.9805825242718447,0.0,0.0,0.0,0.5576719576719577
random_oversampling,0.4,14,LR,0.9320388349514563,0.043478260869565216,0.14285714285714285,0.06666666666666667,0.7594356261022928
random_oversampling,0.4,14,SVM,0.9563106796116505,0.0,0.0,0.0,0.6264550264550265
random_oversampling,0.4,14,DT,0.9805825242718447,0.3333333333333333,0.14285714285714285,0.2,0.5689594356261023
random_oversampling,0.4,14,GB,0.9757281553398058,0.0,0.0,0.0,0.5209876543209876
random_oversampling,0.4,14,lightGBM,0.9805825242718447,0.0,0.0,0.0,0.5682539682539682
random_oversampling,0.6,14,LR,0.8956310679611651,0.05,0.2857142857142857,0.0851063829787234,0.762962962962963
random_oversampling,0.6,14,SVM,0.9320388349514563,0.043478260869565216,0.14285714285714285,0.06666666666666667,0.6828924162257495
random_oversampling,0.6,14,DT,0.9733009708737864,0.0,0.0,0.0,0.49506172839506174
random_oversampling,0.6,14,GB,0.9684466019417476,0.125,0.14285714285714285,0.13333333333333333,0.49118165784832446
random_oversampling,0.6,14,lightGBM,0.9805825242718447,0.0,0.0,0.0,0.5832451499118165
random_oversampling,0.8,14,LR,0.866504854368932,0.05555555555555555,0.42857142857142855,0.09836065573770493,0.7664902998236331
random_oversampling,0.8,14,SVM,0.9247572815533981,0.038461538461538464,0.14285714285714285,0.060606060606060615,0.7044091710758378
random_oversampling,0.8,14,DT,0.970873786407767,0.0,0.0,0.0,0.49382716049382713
random_oversampling,0.8,14,GB,0.9684466019417476,0.125,0.14285714285714285,0.13333333333333333,0.4947089947089947
random_oversampling,0.8,14,lightGBM,0.9805825242718447,0.0,0.0,0.0,0.5511463844797178
random_oversampling,1.0,14,LR,0.8300970873786407,0.043478260869565216,0.42857142857142855,0.07894736842105261,0.7753086419753086
random_oversampling,1.0,14,SVM,0.912621359223301,0.03225806451612903,0.14285714285714285,0.052631578947368425,0.7192239858906526
random_oversampling,1.0,14,DT,0.9733009708737864,0.0,0.0,0.0,0.49506172839506174
random_oversampling,1.0,14,GB,0.9684466019417476,0.125,0.14285714285714285,0.13333333333333333,0.5123456790123457
random_oversampling,1.0,14,lightGBM,0.9830097087378641,0.0,0.0,0.0,0.554320987654321
random_oversampling,0.2,87,LR,0.9781553398058253,0.16666666666666666,0.2,0.1818181818181818,0.74004914004914
random_oversampling,0.2,87,SVM,0.9830097087378641,0.0,0.0,0.0,0.49385749385749383
random_oversampling,0.2,87,DT,0.9733009708737864,0.0,0.0,0.0,0.4926289926289926
random_oversampling,0.2,87,GB,0.9854368932038835,0.0,0.0,0.0,0.6491400491400492
random_oversampling,0.2,87,lightGBM,0.9878640776699029,0.0,0.0,0.0,0.6221130221130221
random_oversampling,0.4,87,LR,0.9344660194174758,0.041666666666666664,0.2,0.06896551724137931,0.6992628992628993
random_oversampling,0.4,87,SVM,0.9441747572815534,0.0,0.0,0.0,0.5174447174447174
random_oversampling,0.4,87,DT,0.970873786407767,0.0,0.0,0.0,0.4914004914004914
random_oversampling,0.4,87,GB,0.9830097087378641,0.0,0.0,0.0,0.657985257985258
random_oversampling,0.4,87,lightGBM,0.9854368932038835,0.0,0.0,0.0,0.6707616707616707
random_oversampling,0.6,87,LR,0.8810679611650486,0.041666666666666664,0.4,0.07547169811320754,0.6894348894348894
random_oversampling,0.6,87,SVM,0.9271844660194175,0.037037037037037035,0.2,0.0625,0.5243243243243243
random_oversampling,0.6,87,DT,0.9781553398058253,0.0,0.0,0.0,0.4950859950859951
random_oversampling,0.6,87,GB,0.9733009708737864,0.0,0.0,0.0,0.6506142506142506
random_oversampling,0.6,87,lightGBM,0.9805825242718447,0.0,0.0,0.0,0.44766584766584766
random_oversampling,0.8,87,LR,0.8228155339805825,0.027777777777777776,0.4,0.051948051948051945,0.6874692874692874
random_oversampling,0.8,87,SVM,0.8956310679611651,0.025,0.2,0.04444444444444445,0.46977886977886973
random_oversampling,0.8,87,DT,0.9781553398058253,0.0,0.0,0.0,0.4950859950859951
random_oversampling,0.8,87,GB,0.970873786407767,0.0,0.0,0.0,0.6918918918918918
random_oversampling,0.8,87,lightGBM,0.9830097087378641,0.0,0.0,0.0,0.2545454545454545
random_oversampling,1.0,87,LR,0.7669902912621359,0.030927835051546393,0.6,0.058823529411764705,0.6825552825552825
random_oversampling,1.0,87,SVM,0.8349514563106796,0.015384615384615385,0.2,0.028571428571428574,0.4678132678132678
random_oversampling,1.0,87,DT,0.9757281553398058,0.0,0.0,0.0,0.49385749385749383
random_oversampling,1.0,87,GB,0.9733009708737864,0.0,0.0,0.0,0.652088452088452
random_oversampling,1.0,87,lightGBM,0.9854368932038835,0.0,0.0,0.0,0.20393120393120395
