#
 0,              RRP_0.2,  0.33,  0.50, -------------*------|                   ,  0.00,  1.00
 0,   random_pruning_0.2,  0.25,  0.25, ----------*         |                   ,  0.00,  1.00
 0, intelligent_pruning0.7_0.4,  0.23,  0.13,       ---*-         |                   ,  0.00,  1.00
 0, intelligent_pruning0.7_0.6,  0.22,  0.17,      ---*---        |                   ,  0.00,  1.00
 0, random_oversampling_0.4,  0.22,  0.13,         *----       |                   ,  0.00,  1.00
 0, random_oversampling_0.6,  0.22,  0.12,       --*--         |                   ,  0.00,  1.00
 0,   random_pruning_0.6,  0.22,  0.21,      ---*----       |                   ,  0.00,  1.00
 0,              RRP_0.4,  0.20,  0.15,      ---*-          |                   ,  0.00,  1.00
 0, intelligent_pruning0.5_0.2,  0.20,  0.29, --------*--         |                   ,  0.00,  1.00
 0, intelligent_pruning0.7_0.2,  0.20,  0.25, --------*-          |                   ,  0.00,  1.00
 0, intelligent_pruning0.9_0.2,  0.20,  0.29, --------*--         |                   ,  0.00,  1.00
 0, random_oversampling_0.2,  0.20,  0.25,      ---*------     |                   ,  0.00,  1.00
 0, random_oversampling_0.8,  0.20,  0.16,      ---*--         |                   ,  0.00,  1.00
 0, random_oversampling_1.0,  0.20,  0.21,    -----*--         |                   ,  0.00,  1.00
 0, intelligent_pruning0.9_0.6,  0.18,  0.10,     ---*            |                   ,  0.00,  1.00
 0, intelligent_pruning1.0_0.6,  0.18,  0.18,      --*----        |                   ,  0.00,  1.00
 0,        svm_smote_0.2,  0.18,  0.12,      --*--          |                   ,  0.00,  1.00
 0, intelligent_pruning0.5_0.6,  0.18,  0.06,      --*            |                   ,  0.00,  1.00
 0,      No_Sampling_0.0,  0.17,  0.29, ------*----         |                   ,  0.00,  1.00
 0,              RRP_1.0,  0.17,  0.23,     --*------       |                   ,  0.00,  1.00
 0,  gaussian_copula_0.4,  0.17,  0.29, ------*----         |                   ,  0.00,  1.00
 0, intelligent_pruning1.0_0.4,  0.17,  0.11,     --*-            |                   ,  0.00,  1.00
 0,   random_pruning_0.4,  0.17,  0.23, ------*--           |                   ,  0.00,  1.00
 0,        svm_smote_0.4,  0.17,  0.18,    ---*---          |                   ,  0.00,  1.00
 0,        svm_smote_0.8,  0.17,  0.25, ------*---          |                   ,  0.00,  1.00
#
 1,              RRP_0.6,  0.14,  0.11,     -*--            |                   ,  0.00,  1.00
 1,              RRP_0.8,  0.14,  0.16,      *-----         |                   ,  0.00,  1.00
 1,  gaussian_copula_0.2,  0.14,  0.17, -----*              |                   ,  0.00,  1.00
 1,  gaussian_copula_0.6,  0.14,  0.29, -----*-----         |                   ,  0.00,  1.00
 1,  gaussian_copula_0.8,  0.14,  0.17, -----*              |                   ,  0.00,  1.00
 1,  gaussian_copula_1.0,  0.14,  0.17, -----*              |                   ,  0.00,  1.00
 1, intelligent_pruning0.5_0.4,  0.14,  0.17,    --*----          |                   ,  0.00,  1.00
 1, intelligent_pruning0.9_0.4,  0.14,  0.12,   ---*-             |                   ,  0.00,  1.00
 1, intelligent_pruning0.9_0.8,  0.14,  0.06,     -*              |                   ,  0.00,  1.00
 1, intelligent_pruning1.0_0.2,  0.14,  0.20, -----*--            |                   ,  0.00,  1.00
 1, intelligent_pruning1.0_0.8,  0.14,  0.06,     -*              |                   ,  0.00,  1.00
 1,        svm_smote_0.6,  0.14,  0.15,   ---*--            |                   ,  0.00,  1.00
 1,        svm_smote_1.0,  0.14,  0.18,   ---*----          |                   ,  0.00,  1.00
 1, intelligent_pruning0.7_0.8,  0.14,  0.07,    --*              |                   ,  0.00,  1.00
 1,   random_pruning_0.8,  0.13,  0.12,     -*--            |                   ,  0.00,  1.00
#
 2, intelligent_pruning0.5_1.0,  0.11,  0.06,    -*               |                   ,  0.00,  1.00
 2, intelligent_pruning0.7_1.0,  0.11,  0.06,    -*               |                   ,  0.00,  1.00
 2, intelligent_pruning0.9_1.0,  0.11,  0.06,    -*               |                   ,  0.00,  1.00
 2, intelligent_pruning1.0_1.0,  0.11,  0.06,    -*               |                   ,  0.00,  1.00
 2,            smote_0.2,  0.10,  0.05,   -*-               |                   ,  0.00,  1.00
 2,            smote_0.4,  0.10,  0.05,   -*                |                   ,  0.00,  1.00
#
 3,            smote_0.6,  0.10,  0.07,  --*                |                   ,  0.00,  1.00
 3, intelligent_pruning0.5_0.8,  0.08,  0.08,  --*                |                   ,  0.00,  1.00
 3,            smote_0.8,  0.07,  0.10,  -*--               |                   ,  0.00,  1.00
 3,   random_pruning_1.0,  0.07,  0.05,  -*                 |                   ,  0.00,  1.00
 3,            smote_1.0,  0.06,  0.07,  -*-                |                   ,  0.00,  1.00
