#
 0, intelligent_pruning0.9_1.0,  0.77,  0.06,                     |         ---*-     ,  0.39,  0.85
 0, intelligent_pruning1.0_1.0,  0.75,  0.08,                     |       ----*--     ,  0.39,  0.85
 0,              RRP_0.4,  0.75,  0.13,                     |  --------*--      ,  0.39,  0.85
 0, intelligent_pruning0.5_0.8,  0.75,  0.11,                     |      ----*----    ,  0.39,  0.85
 0, intelligent_pruning1.0_0.8,  0.75,  0.11,                     |     -----*----    ,  0.39,  0.85
 0,              RRP_0.6,  0.74,  0.10,                     |   ------*-        ,  0.39,  0.85
 0,  gaussian_copula_0.6,  0.74,  0.11,                     |   ------*--       ,  0.39,  0.85
 0, intelligent_pruning0.5_0.4,  0.74,  0.10,                     |   ------*--       ,  0.39,  0.85
 0, intelligent_pruning0.7_1.0,  0.74,  0.08,                     |       --*-----    ,  0.39,  0.85
 0, intelligent_pruning0.9_0.6,  0.74,  0.13,                     |    -----*-----    ,  0.39,  0.85
 0,   random_pruning_0.8,  0.74,  0.08,                     |      ---*----     ,  0.39,  0.85
 0,   random_pruning_1.0,  0.74,  0.09,                     |      ---*----     ,  0.39,  0.85
 0,        svm_smote_1.0,  0.74,  0.13,                     | --------*---      ,  0.39,  0.85
 0,  gaussian_copula_1.0,  0.73,  0.11,                     |   ------*--       ,  0.39,  0.85
 0, intelligent_pruning0.5_1.0,  0.73,  0.10,                     |      ---*----     ,  0.39,  0.85
 0, intelligent_pruning0.9_0.8,  0.73,  0.09,                     |     ----*---      ,  0.39,  0.85
 0,   random_pruning_0.4,  0.73,  0.08,                     |    -----*--       ,  0.39,  0.85
 0,  gaussian_copula_0.4,  0.73,  0.13,                     | -------*----      ,  0.39,  0.85
 0,  gaussian_copula_0.8,  0.73,  0.11,                     |   -----*---       ,  0.39,  0.85
 0, intelligent_pruning0.7_0.6,  0.73,  0.13,                     |   -----*-----     ,  0.39,  0.85
 0, intelligent_pruning1.0_0.6,  0.73,  0.12,                     |   -----*-----     ,  0.39,  0.85
 0, intelligent_pruning0.7_0.8,  0.72,  0.13,                     |    ---*-------    ,  0.39,  0.85
 0, intelligent_pruning0.9_0.4,  0.72,  0.12,                     |   ----*-----      ,  0.39,  0.85
 0,   random_pruning_0.2,  0.72,  0.11,                     |   ----*----       ,  0.39,  0.85
 0,   random_pruning_0.6,  0.72,  0.08,                     |      -*------     ,  0.39,  0.85
 0,              RRP_0.8,  0.71,  0.11,                     |   ----*----       ,  0.39,  0.85
 0, intelligent_pruning1.0_0.2,  0.71,  0.13,                     |  -----*-----      ,  0.39,  0.85
 0, intelligent_pruning1.0_0.4,  0.71,  0.12,                     |   ----*------     ,  0.39,  0.85
 0,        svm_smote_0.4,  0.71,  0.11,                     |   ----*----       ,  0.39,  0.85
 0,      No_Sampling_0.0,  0.70,  0.12,                     |  ----*-----       ,  0.39,  0.85
 0,              RRP_0.2,  0.70,  0.13,                     |  ----*-------     ,  0.39,  0.85
 0,              RRP_1.0,  0.70,  0.09,                     |   ---*----        ,  0.39,  0.85
 0,  gaussian_copula_0.2,  0.70,  0.12,                     | -----*-----       ,  0.39,  0.85
 0, intelligent_pruning0.5_0.2,  0.70,  0.11,                     |   ---*-----       ,  0.39,  0.85
 0, intelligent_pruning0.5_0.6,  0.70,  0.11,                     |    --*-------     ,  0.39,  0.85
 0, intelligent_pruning0.7_0.4,  0.70,  0.10,                     |    --*------      ,  0.39,  0.85
 0,        svm_smote_0.8,  0.70,  0.12,                     |  ----*-----       ,  0.39,  0.85
 0, intelligent_pruning0.9_0.2,  0.70,  0.13,                     |  ----*------      ,  0.39,  0.85
 0, random_oversampling_0.2,  0.70,  0.13,                     | -----*-----       ,  0.39,  0.85
 0, random_oversampling_0.4,  0.70,  0.13,                     | -----*-----       ,  0.39,  0.85
 0,            smote_0.2,  0.70,  0.12,                     |  ----*-----       ,  0.39,  0.85
 0,            smote_0.6,  0.70,  0.14,                     | -----*------      ,  0.39,  0.85
 0,            smote_0.8,  0.70,  0.14,                     | -----*-------     ,  0.39,  0.85
 0, intelligent_pruning0.7_0.2,  0.69,  0.12,                     |   --*-------      ,  0.39,  0.85
 0, random_oversampling_0.6,  0.69,  0.11,                     |  ---*------       ,  0.39,  0.85
 0, random_oversampling_1.0,  0.69,  0.10,                     |  ---*-----        ,  0.39,  0.85
 0,        svm_smote_0.2,  0.69,  0.11,                     |   --*------       ,  0.39,  0.85
 0,        svm_smote_0.6,  0.69,  0.11,                     |   --*------       ,  0.39,  0.85
 0,            smote_0.4,  0.68,  0.12,                     | ---*------        ,  0.39,  0.85
 0,            smote_1.0,  0.68,  0.13,                     | ---*--------      ,  0.39,  0.85
 0, random_oversampling_0.8,  0.68,  0.12,                     | ---*------        ,  0.39,  0.85
