#
 0,              RRP_0.6,  0.75,  0.21,                     |----------------*  ,  0.30,  0.79
 0,              RRP_0.4,  0.74,  0.19,                     |  -------------*-  ,  0.30,  0.79
 0,        svm_smote_1.0,  0.74,  0.17,                     |   -----------*--  ,  0.30,  0.79
 0,              RRP_1.0,  0.74,  0.21,                     |--------------*--  ,  0.30,  0.79
 0, intelligent_pruning0.5_0.8,  0.74,  0.17,                     |  ------------*-   ,  0.30,  0.79
 0,        svm_smote_0.8,  0.74,  0.17,                     |   -----------*--  ,  0.30,  0.79
 0, intelligent_pruning0.9_0.6,  0.74,  0.17,                     |   -----------*-   ,  0.30,  0.79
 0, intelligent_pruning1.0_1.0,  0.74,  0.16,                     |    ----------*--  ,  0.30,  0.79
 0, intelligent_pruning0.5_1.0,  0.74,  0.18,                     |  ------------*-   ,  0.30,  0.79
 0,              RRP_0.2,  0.74,  0.22,                     |--------------*--  ,  0.30,  0.79
 0, intelligent_pruning0.5_0.2,  0.74,  0.19,                     | -------------*--  ,  0.30,  0.79
 0,              RRP_0.8,  0.74,  0.20,                     |--------------*--  ,  0.30,  0.79
 0, intelligent_pruning0.7_0.6,  0.74,  0.18,                     | -------------*-   ,  0.30,  0.79
 0, intelligent_pruning0.9_1.0,  0.74,  0.16,                     |   -----------*-   ,  0.30,  0.79
 0,        svm_smote_0.6,  0.74,  0.18,                     |  ------------*--  ,  0.30,  0.79
 0,        svm_smote_0.4,  0.73,  0.17,                     |   -----------*--  ,  0.30,  0.79
 0, intelligent_pruning1.0_0.8,  0.73,  0.15,                     |    ----------*--  ,  0.30,  0.79
 0,            smote_1.0,  0.73,  0.17,                     |  ------------*--  ,  0.30,  0.79
 0, intelligent_pruning0.9_0.4,  0.73,  0.17,                     |   -----------*-   ,  0.30,  0.79
 0,  gaussian_copula_0.4,  0.73,  0.18,                     |  ------------*--  ,  0.30,  0.79
 0,        svm_smote_0.2,  0.73,  0.18,                     |   -----------*--  ,  0.30,  0.79
 0,            smote_0.2,  0.73,  0.17,                     |   -----------*--  ,  0.30,  0.79
 0,            smote_0.6,  0.73,  0.17,                     |  ------------*--  ,  0.30,  0.79
 0, random_oversampling_0.6,  0.73,  0.18,                     |  ------------*--  ,  0.30,  0.79
 0, intelligent_pruning0.5_0.6,  0.73,  0.18,                     |  ------------*--  ,  0.30,  0.79
 0,            smote_0.4,  0.73,  0.17,                     |   -----------*--  ,  0.30,  0.79
 0,  gaussian_copula_0.2,  0.73,  0.18,                     |  ------------*--  ,  0.30,  0.79
 0,      No_Sampling_0.0,  0.73,  0.17,                     |   -----------*--  ,  0.30,  0.79
 0, intelligent_pruning0.7_0.2,  0.73,  0.18,                     |  ------------*--  ,  0.30,  0.79
 0, intelligent_pruning0.9_0.8,  0.73,  0.16,                     |   -----------*-   ,  0.30,  0.79
 0, intelligent_pruning1.0_0.2,  0.73,  0.18,                     |  ------------*--  ,  0.30,  0.79
 0, random_oversampling_0.2,  0.73,  0.18,                     |  ------------*--  ,  0.30,  0.79
 0,            smote_0.8,  0.73,  0.17,                     |  ------------*-   ,  0.30,  0.79
 0, intelligent_pruning0.9_0.2,  0.73,  0.18,                     |  ------------*--  ,  0.30,  0.79
 0, intelligent_pruning1.0_0.6,  0.73,  0.16,                     |    ----------*--  ,  0.30,  0.79
 0,   random_pruning_0.2,  0.73,  0.18,                     |  ------------*--  ,  0.30,  0.79
 0, intelligent_pruning0.7_1.0,  0.73,  0.17,                     |   -----------*-   ,  0.30,  0.79
 0, intelligent_pruning1.0_0.4,  0.73,  0.16,                     |   -----------*--  ,  0.30,  0.79
 0, random_oversampling_0.4,  0.73,  0.18,                     |  ------------*--  ,  0.30,  0.79
 0, intelligent_pruning0.7_0.8,  0.73,  0.16,                     |   -----------*--  ,  0.30,  0.79
 0, intelligent_pruning0.7_0.4,  0.73,  0.18,                     |  ------------*--  ,  0.30,  0.79
 0,  gaussian_copula_0.8,  0.73,  0.18,                     |  ------------*--  ,  0.30,  0.79
 0, random_oversampling_0.8,  0.73,  0.18,                     |  ------------*--  ,  0.30,  0.79
 0, intelligent_pruning0.5_0.4,  0.73,  0.18,                     | -------------*-   ,  0.30,  0.79
 0,  gaussian_copula_1.0,  0.73,  0.18,                     |  ------------*--  ,  0.30,  0.79
 0,   random_pruning_1.0,  0.73,  0.16,                     |    ----------*-   ,  0.30,  0.79
 0,  gaussian_copula_0.6,  0.73,  0.18,                     |  ------------*--  ,  0.30,  0.79
 0,   random_pruning_0.4,  0.73,  0.17,                     |   -----------*--  ,  0.30,  0.79
 0,   random_pruning_0.6,  0.73,  0.18,                     |  ------------*--  ,  0.30,  0.79
 0, random_oversampling_1.0,  0.73,  0.18,                     |  ------------*--  ,  0.30,  0.79
 0,   random_pruning_0.8,  0.73,  0.17,                     |   -----------*--  ,  0.30,  0.79
