#
 0, random_oversampling_0.4,  0.98,  0.01,                     |                  *,  0.02,  0.99
 0, random_oversampling_0.6,  0.98,  0.00,                     |                  *,  0.02,  0.99
 0, random_oversampling_0.2,  0.98,  0.01,                     |                  *,  0.02,  0.99
 0, random_oversampling_0.8,  0.98,  0.00,                     |                  *,  0.02,  0.99
 0, random_oversampling_1.0,  0.98,  0.00,                     |                  *,  0.02,  0.99
 0,        svm_smote_0.4,  0.97,  0.01,                     |                  *,  0.02,  0.99
 0,      No_Sampling_0.0,  0.97,  0.01,                     |                  *,  0.02,  0.99
 0,        svm_smote_0.2,  0.97,  0.01,                     |                 -*,  0.02,  0.99
 0,        svm_smote_0.6,  0.97,  0.00,                     |                  *,  0.02,  0.99
 0,        svm_smote_0.8,  0.97,  0.00,                     |                  *,  0.02,  0.99
 0,        svm_smote_1.0,  0.97,  0.01,                     |                  *,  0.02,  0.99
 0,              RRP_0.2,  0.96,  0.01,                     |                 * ,  0.02,  0.99
 0,            smote_0.4,  0.96,  0.01,                     |                 * ,  0.02,  0.99
 0,              RRP_0.4,  0.96,  0.01,                     |                 * ,  0.02,  0.99
 0,              RRP_0.6,  0.96,  0.01,                     |                 * ,  0.02,  0.99
 0,            smote_0.8,  0.96,  0.02,                     |                 * ,  0.02,  0.99
 0,              RRP_1.0,  0.95,  0.01,                     |                 * ,  0.02,  0.99
 0,            smote_0.2,  0.95,  0.01,                     |                 * ,  0.02,  0.99
 0,            smote_1.0,  0.95,  0.02,                     |                 * ,  0.02,  0.99
 0,              RRP_0.8,  0.95,  0.01,                     |                 * ,  0.02,  0.99
 0,            smote_0.6,  0.95,  0.01,                     |                 * ,  0.02,  0.99
 0,   random_pruning_0.4,  0.86,  0.08,                     |           --*     ,  0.02,  0.99
#
 1, intelligent_pruning0.7_0.2,  0.86,  0.08,                     |           --*     ,  0.02,  0.99
 1, intelligent_pruning0.9_0.2,  0.86,  0.08,                     |           --*     ,  0.02,  0.99
 1, intelligent_pruning1.0_0.2,  0.86,  0.08,                     |           --*     ,  0.02,  0.99
 1, intelligent_pruning1.0_0.4,  0.86,  0.07,                     |           --*     ,  0.02,  0.99
 1,   random_pruning_0.2,  0.86,  0.07,                     |           --*     ,  0.02,  0.99
 1,   random_pruning_0.6,  0.86,  0.04,                     |            -*     ,  0.02,  0.99
 1,  gaussian_copula_0.2,  0.86,  0.06,                     |            -*     ,  0.02,  0.99
 1, intelligent_pruning0.5_0.2,  0.86,  0.06,                     |           --*     ,  0.02,  0.99
 1, intelligent_pruning0.7_0.4,  0.86,  0.08,                     |           --*     ,  0.02,  0.99
 1, intelligent_pruning0.9_0.4,  0.86,  0.08,                     |           --*-    ,  0.02,  0.99
 1, intelligent_pruning1.0_0.6,  0.86,  0.08,                     |           --*-    ,  0.02,  0.99
 1,   random_pruning_0.8,  0.86,  0.06,                     |           --*     ,  0.02,  0.99
 1, intelligent_pruning0.9_0.8,  0.85,  0.08,                     |           --*     ,  0.02,  0.99
 1,  gaussian_copula_0.4,  0.85,  0.05,                     |            -*     ,  0.02,  0.99
 1,  gaussian_copula_0.8,  0.85,  0.05,                     |           --*     ,  0.02,  0.99
 1,  gaussian_copula_1.0,  0.85,  0.05,                     |           --*     ,  0.02,  0.99
 1, intelligent_pruning0.9_0.6,  0.85,  0.06,                     |           --*     ,  0.02,  0.99
 1, intelligent_pruning1.0_0.8,  0.85,  0.09,                     |           --*     ,  0.02,  0.99
 1, intelligent_pruning0.7_0.6,  0.85,  0.06,                     |           --*     ,  0.02,  0.99
 1,  gaussian_copula_0.6,  0.84,  0.05,                     |            -*     ,  0.02,  0.99
 1, intelligent_pruning0.5_0.4,  0.83,  0.04,                     |           -*      ,  0.02,  0.99
 1, intelligent_pruning0.7_0.8,  0.83,  0.09,                     |         ---*      ,  0.02,  0.99
 1, intelligent_pruning0.5_1.0,  0.82,  0.19,                     |    --------*      ,  0.02,  0.99
 1,   random_pruning_1.0,  0.82,  0.05,                     |           -*      ,  0.02,  0.99
 1, intelligent_pruning0.5_0.8,  0.82,  0.08,                     |         ---*      ,  0.02,  0.99
 1, intelligent_pruning1.0_1.0,  0.81,  0.06,                     |          -*       ,  0.02,  0.99
 1, intelligent_pruning0.7_1.0,  0.80,  0.06,                     |          -*       ,  0.02,  0.99
 1, intelligent_pruning0.5_0.6,  0.79,  0.13,                     |       ---*-       ,  0.02,  0.99
 1, intelligent_pruning0.9_1.0,  0.79,  0.06,                     |          *-       ,  0.02,  0.99
