#
 0,  gaussian_copula_1.0,  0.71,  0.30,                     |------*-------     ,  0.13,  0.98
 0, intelligent_pruning0.7_1.0,  0.71,  0.22,                     | -----*----        ,  0.13,  0.98
 0, intelligent_pruning0.7_0.8,  0.71,  0.24,                     |------*----        ,  0.13,  0.98
 0, intelligent_pruning0.9_0.8,  0.71,  0.23,                     |------*----        ,  0.13,  0.98
 0, random_oversampling_1.0,  0.70,  0.22,                     |------*---         ,  0.13,  0.98
 0,        svm_smote_1.0,  0.70,  0.23,                     |-----*-----        ,  0.13,  0.98
 0,  gaussian_copula_0.8,  0.70,  0.29,                     |-----*--------     ,  0.13,  0.98
 0, intelligent_pruning0.7_0.6,  0.70,  0.25,                     |-----*-----        ,  0.13,  0.98
 0, intelligent_pruning0.9_0.4,  0.70,  0.24,                     |-----*-----        ,  0.13,  0.98
 0, intelligent_pruning1.0_0.6,  0.70,  0.23,                     |-----*-----        ,  0.13,  0.98
 0,  gaussian_copula_0.6,  0.70,  0.33,                     |-----*--------     ,  0.13,  0.98
 0, random_oversampling_0.6,  0.70,  0.21,                     |-----*----         ,  0.13,  0.98
 0, random_oversampling_0.8,  0.70,  0.21,                     |-----*-----        ,  0.13,  0.98
 0,        svm_smote_0.8,  0.70,  0.25,                     |-----*-----        ,  0.13,  0.98
 0,   random_pruning_0.2,  0.70,  0.25,                     |-----*-----        ,  0.13,  0.98
 0,        svm_smote_0.6,  0.70,  0.24,                     |-----*-----        ,  0.13,  0.98
 0, intelligent_pruning0.7_0.4,  0.69,  0.26,                     |-----*-----        ,  0.13,  0.98
 0, intelligent_pruning1.0_0.4,  0.69,  0.25,                     |-----*-----        ,  0.13,  0.98
 0,        svm_smote_0.4,  0.69,  0.22,                     | ----*-----        ,  0.13,  0.98
 0,   random_pruning_1.0,  0.69,  0.23,                     |-----*-----        ,  0.13,  0.98
 0, intelligent_pruning0.9_0.2,  0.69,  0.26,                     |-----*-----        ,  0.13,  0.98
 0, intelligent_pruning1.0_0.8,  0.69,  0.24,                     |-----*-----        ,  0.13,  0.98
 0, random_oversampling_0.2,  0.69,  0.23,                     |-----*-----        ,  0.13,  0.98
 0, intelligent_pruning1.0_0.2,  0.69,  0.26,                     |-----*-----        ,  0.13,  0.98
 0, intelligent_pruning0.5_0.8,  0.69,  0.24,                     |-----*-----        ,  0.13,  0.98
 0, random_oversampling_0.4,  0.69,  0.23,                     |-----*-----        ,  0.13,  0.98
 0,        svm_smote_0.2,  0.69,  0.22,                     | ----*-----        ,  0.13,  0.98
 0, intelligent_pruning0.9_0.6,  0.69,  0.23,                     |-----*-----        ,  0.13,  0.98
 0, intelligent_pruning1.0_1.0,  0.69,  0.22,                     |-----*-----        ,  0.13,  0.98
 0, intelligent_pruning0.7_0.2,  0.69,  0.25,                     |-----*-----        ,  0.13,  0.98
 0,            smote_0.2,  0.69,  0.25,                     |-----*-----        ,  0.13,  0.98
 0,            smote_0.4,  0.69,  0.26,                     |-----*-----        ,  0.13,  0.98
 0,            smote_0.8,  0.69,  0.25,                     |-----*-----        ,  0.13,  0.98
 0,            smote_1.0,  0.69,  0.25,                     |-----*-----        ,  0.13,  0.98
 0,            smote_0.6,  0.69,  0.25,                     |-----*-----        ,  0.13,  0.98
 0, intelligent_pruning0.9_1.0,  0.69,  0.22,                     | ----*-----        ,  0.13,  0.98
 0,      No_Sampling_0.0,  0.69,  0.25,                     |-----*-----        ,  0.13,  0.98
 0, intelligent_pruning0.5_0.2,  0.68,  0.24,                     |-----*-----        ,  0.13,  0.98
 0,  gaussian_copula_0.2,  0.68,  0.29,                     |-----*--------     ,  0.13,  0.98
 0, intelligent_pruning0.5_1.0,  0.68,  0.23,                     |----*------        ,  0.13,  0.98
 0,   random_pruning_0.8,  0.67,  0.24,                     |----*-------       ,  0.13,  0.98
 0,  gaussian_copula_0.4,  0.67,  0.31,                     |----*---------     ,  0.13,  0.98
 0, intelligent_pruning0.5_0.6,  0.67,  0.27,                     |----*------        ,  0.13,  0.98
 0,   random_pruning_0.4,  0.67,  0.25,                     |----*------        ,  0.13,  0.98
 0,              RRP_0.4,  0.66,  0.19,                    -|----*--            ,  0.13,  0.98
 0, intelligent_pruning0.5_0.4,  0.66,  0.25,                     |----*------        ,  0.13,  0.98
 0,   random_pruning_0.6,  0.65,  0.22,                     | --*-------        ,  0.13,  0.98
 0,              RRP_0.2,  0.65,  0.14,                     |---*--             ,  0.13,  0.98
 0,              RRP_0.6,  0.65,  0.19,                   --|---*--             ,  0.13,  0.98
 0,              RRP_0.8,  0.64,  0.10,                     |--*-               ,  0.13,  0.98
 0,              RRP_1.0,  0.63,  0.13,                    -|--*--              ,  0.13,  0.98
