#
 0, intelligent_pruning1.0_0.6,  0.64,  0.08,                     |     ---------*    ,  0.32,  0.68
 0, intelligent_pruning0.9_0.6,  0.64,  0.08,                     |     --------*     ,  0.32,  0.68
 0,        svm_smote_0.4,  0.64,  0.08,                     |     --------*     ,  0.32,  0.68
 0,            smote_1.0,  0.64,  0.09,                     |    ---------*     ,  0.32,  0.68
 0,        svm_smote_0.6,  0.63,  0.09,                     |     --------*     ,  0.32,  0.68
 0,            smote_0.6,  0.63,  0.08,                     |    ---------*     ,  0.32,  0.68
 0,        svm_smote_1.0,  0.63,  0.09,                     |    ---------*-    ,  0.32,  0.68
 0,        svm_smote_0.8,  0.63,  0.09,                     |     --------*     ,  0.32,  0.68
 0,            smote_0.8,  0.63,  0.08,                     |    ---------*     ,  0.32,  0.68
 0,            smote_0.4,  0.63,  0.08,                     |     --------*     ,  0.32,  0.68
 0,        svm_smote_0.2,  0.63,  0.09,                     |     --------*     ,  0.32,  0.68
 0, intelligent_pruning1.0_1.0,  0.63,  0.09,                     |    ---------*     ,  0.32,  0.68
 0, intelligent_pruning0.9_0.8,  0.63,  0.08,                     |    ---------*     ,  0.32,  0.68
 0, intelligent_pruning1.0_0.4,  0.63,  0.08,                     |     --------*     ,  0.32,  0.68
 0, intelligent_pruning1.0_0.8,  0.63,  0.09,                     |    ---------*     ,  0.32,  0.68
 0, intelligent_pruning0.9_0.4,  0.63,  0.08,                     |     --------*     ,  0.32,  0.68
 0, intelligent_pruning0.9_1.0,  0.63,  0.08,                     |     --------*     ,  0.32,  0.68
 0, intelligent_pruning0.9_0.2,  0.63,  0.08,                     |     --------*     ,  0.32,  0.68
 0, random_oversampling_0.6,  0.63,  0.08,                     |    ---------*     ,  0.32,  0.68
 0, intelligent_pruning1.0_0.2,  0.63,  0.08,                     |     --------*     ,  0.32,  0.68
 0, random_oversampling_0.2,  0.63,  0.08,                     |     --------*     ,  0.32,  0.68
 0,              RRP_0.2,  0.63,  0.07,                     |     --------*     ,  0.32,  0.68
 0,      No_Sampling_0.0,  0.63,  0.07,                     |     --------*     ,  0.32,  0.68
 0,            smote_0.2,  0.63,  0.08,                     |     --------*     ,  0.32,  0.68
 0,   random_pruning_0.4,  0.63,  0.07,                     |     --------*     ,  0.32,  0.68
 0, intelligent_pruning0.7_0.2,  0.63,  0.07,                     |      -------*     ,  0.32,  0.68
 0,   random_pruning_0.2,  0.63,  0.07,                     |     --------*     ,  0.32,  0.68
 0, intelligent_pruning0.5_0.2,  0.63,  0.07,                     |      -------*     ,  0.32,  0.68
 0, random_oversampling_1.0,  0.63,  0.09,                     |    ---------*     ,  0.32,  0.68
 0, random_oversampling_0.4,  0.63,  0.09,                     |    ---------*     ,  0.32,  0.68
 0,              RRP_0.6,  0.63,  0.07,                     |     -------*-     ,  0.32,  0.68
 0,              RRP_0.4,  0.63,  0.07,                     |     -------*      ,  0.32,  0.68
 0,  gaussian_copula_0.6,  0.63,  0.08,                     |      ------*-     ,  0.32,  0.68
 0,  gaussian_copula_0.4,  0.63,  0.07,                     |      ------*-     ,  0.32,  0.68
 0, random_oversampling_0.8,  0.63,  0.09,                     |    --------*      ,  0.32,  0.68
 0,              RRP_1.0,  0.63,  0.07,                     |     -------*      ,  0.32,  0.68
 0,  gaussian_copula_0.2,  0.63,  0.07,                     |      ------*-     ,  0.32,  0.68
 0,   random_pruning_0.6,  0.63,  0.08,                     |     -------*      ,  0.32,  0.68
 0, intelligent_pruning0.7_0.4,  0.62,  0.07,                     |     -------*      ,  0.32,  0.68
 0,  gaussian_copula_0.8,  0.62,  0.08,                     |      ------*-     ,  0.32,  0.68
 0,   random_pruning_0.8,  0.62,  0.08,                     |     -------*      ,  0.32,  0.68
 0, intelligent_pruning0.7_0.6,  0.62,  0.07,                     |     -------*      ,  0.32,  0.68
 0,  gaussian_copula_1.0,  0.62,  0.08,                     |      ------*-     ,  0.32,  0.68
 0,              RRP_0.8,  0.62,  0.08,                     |     -------*      ,  0.32,  0.68
 0, intelligent_pruning0.7_0.8,  0.62,  0.07,                     |     -------*      ,  0.32,  0.68
 0, intelligent_pruning0.5_0.4,  0.62,  0.07,                     |      ------*      ,  0.32,  0.68
 0,   random_pruning_1.0,  0.62,  0.07,                     |     -------*      ,  0.32,  0.68
 0, intelligent_pruning0.7_1.0,  0.62,  0.07,                     |     ------*       ,  0.32,  0.68
 0, intelligent_pruning0.5_0.6,  0.61,  0.06,                     |      -----*       ,  0.32,  0.68
 0, intelligent_pruning0.5_0.8,  0.60,  0.06,                     |     -----*-       ,  0.32,  0.68
 0, intelligent_pruning0.5_1.0,  0.60,  0.06,                     |     -----*-       ,  0.32,  0.68
