algo,ratio,seed,learner,acc,prec,rec,f1,auc_roc
random_oversampling,0.2,82,LR,0.8749003984063745,0.6621621621621622,0.27071823204419887,0.38431372549019605,0.7376076422111794
random_oversampling,0.2,82,SVM,0.902788844621514,0.9154929577464789,0.35911602209944754,0.5158730158730159,0.7693524491496652
random_oversampling,0.2,82,DT,0.851792828685259,0.48663101604278075,0.5027624309392266,0.4945652173913044,0.7066601849851333
random_oversampling,0.2,82,GB,0.9123505976095617,0.8380952380952381,0.4861878453038674,0.6153846153846154,0.8280373879852259
random_oversampling,0.2,82,lightGBM,0.9035856573705179,0.7631578947368421,0.48066298342541436,0.5898305084745763,0.8172062923752791
random_oversampling,0.4,82,LR,0.8796812749003984,0.6442307692307693,0.3701657458563536,0.4701754385964913,0.7468774756422523
random_oversampling,0.4,82,SVM,0.9059760956175299,0.8387096774193549,0.430939226519337,0.5693430656934306,0.7860299186188874
random_oversampling,0.4,82,DT,0.847011952191235,0.47342995169082125,0.5414364640883977,0.5051546391752577,0.7220001646141341
random_oversampling,0.4,82,GB,0.902788844621514,0.7322834645669292,0.5138121546961326,0.603896103896104,0.8264092513143408
random_oversampling,0.4,82,lightGBM,0.895617529880478,0.6785714285714286,0.5248618784530387,0.5919003115264798,0.8203313888288732
random_oversampling,0.6,82,LR,0.8725099601593626,0.574468085106383,0.44751381215469616,0.5031055900621119,0.7520885418274226
random_oversampling,0.6,82,SVM,0.8972111553784861,0.7131147540983607,0.48066298342541436,0.5742574257425743,0.7916628085228968
random_oversampling,0.6,82,DT,0.8446215139442231,0.4669811320754717,0.5469613259668509,0.5038167938931297,0.7227589328888752
random_oversampling,0.6,82,GB,0.8924302788844621,0.6575342465753424,0.5303867403314917,0.5871559633027522,0.8209229708735866
random_oversampling,0.6,82,lightGBM,0.8948207171314742,0.6689655172413793,0.5359116022099447,0.5950920245398772,0.8140246098130601
random_oversampling,0.8,82,LR,0.8382470119521912,0.445,0.49171270718232046,0.4671916010498688,0.7530402172906572
random_oversampling,0.8,82,SVM,0.8852589641434263,0.6178343949044586,0.5359116022099447,0.57396449704142,0.790603105034106
random_oversampling,0.8,82,DT,0.8446215139442231,0.46601941747572817,0.5303867403314917,0.49612403100775193,0.7155596366142989
random_oversampling,0.8,82,GB,0.8756972111553785,0.5683060109289617,0.574585635359116,0.5714285714285714,0.8149634247970616
random_oversampling,0.8,82,lightGBM,0.8900398406374502,0.6442953020134228,0.5303867403314917,0.5818181818181818,0.8125533709888165
random_oversampling,1.0,82,LR,0.7840637450199203,0.3469387755102041,0.56353591160221,0.42947368421052634,0.7552059219934772
random_oversampling,1.0,82,SVM,0.8701195219123506,0.5489130434782609,0.5580110497237569,0.5534246575342465,0.7931494799222198
random_oversampling,1.0,82,DT,0.8430278884462151,0.46116504854368934,0.5248618784530387,0.4909560723514212,0.7131212897517414
random_oversampling,1.0,82,GB,0.8541832669322709,0.49523809523809526,0.574585635359116,0.5319693094629157,0.8191070712059014
random_oversampling,1.0,82,lightGBM,0.8772908366533865,0.5771428571428572,0.5580110497237569,0.5674157303370787,0.8178235953784582
random_oversampling,0.2,15,LR,0.8749003984063745,0.6621621621621622,0.27071823204419887,0.38431372549019605,0.7376076422111794
random_oversampling,0.2,15,SVM,0.902788844621514,0.9154929577464789,0.35911602209944754,0.5158730158730159,0.7693524491496652
random_oversampling,0.2,15,DT,0.850199203187251,0.48066298342541436,0.48066298342541436,0.48066298342541436,0.6967447554965688
random_oversampling,0.2,15,GB,0.9123505976095617,0.8380952380952381,0.4861878453038674,0.6153846153846154,0.8280270996018395
random_oversampling,0.2,15,lightGBM,0.9035856573705179,0.7631578947368421,0.48066298342541436,0.5898305084745763,0.8172062923752791
random_oversampling,0.4,15,LR,0.8796812749003984,0.6442307692307693,0.3701657458563536,0.4701754385964913,0.7468774756422523
random_oversampling,0.4,15,SVM,0.9059760956175299,0.8387096774193549,0.430939226519337,0.5693430656934306,0.7860299186188874
random_oversampling,0.4,15,DT,0.8430278884462151,0.46116504854368934,0.5248618784530387,0.4909560723514212,0.7119329814706217
random_oversampling,0.4,15,GB,0.9035856573705179,0.7380952380952381,0.5138121546961326,0.6058631921824106,0.8265790096402152
random_oversampling,0.4,15,lightGBM,0.895617529880478,0.6785714285714286,0.5248618784530387,0.5919003115264798,0.8203313888288732
random_oversampling,0.6,15,LR,0.8725099601593626,0.574468085106383,0.44751381215469616,0.5031055900621119,0.7520885418274226
random_oversampling,0.6,15,SVM,0.8972111553784861,0.7131147540983607,0.48066298342541436,0.5742574257425743,0.7916628085228968
random_oversampling,0.6,15,DT,0.846215139442231,0.47115384615384615,0.5414364640883977,0.5038560411311054,0.7217120898793172
random_oversampling,0.6,15,GB,0.8924302788844621,0.6575342465753424,0.5303867403314917,0.5871559633027522,0.8209898453655977
random_oversampling,0.6,15,lightGBM,0.8948207171314742,0.6689655172413793,0.5359116022099447,0.5950920245398772,0.8140246098130601
random_oversampling,0.8,15,LR,0.8382470119521912,0.445,0.49171270718232046,0.4671916010498688,0.7530402172906572
random_oversampling,0.8,15,SVM,0.8852589641434263,0.6178343949044586,0.5359116022099447,0.57396449704142,0.790603105034106
random_oversampling,0.8,15,DT,0.8406374501992032,0.45454545454545453,0.5248618784530387,0.48717948717948717,0.7114417111639249
random_oversampling,0.8,15,GB,0.8756972111553785,0.5683060109289617,0.574585635359116,0.5714285714285714,0.8149222712635162
random_oversampling,0.8,15,lightGBM,0.8900398406374502,0.6442953020134228,0.5303867403314917,0.5818181818181818,0.8125533709888165
random_oversampling,1.0,15,LR,0.7840637450199203,0.3469387755102041,0.56353591160221,0.42947368421052634,0.7552059219934772
random_oversampling,1.0,15,SVM,0.8701195219123506,0.5489130434782609,0.5580110497237569,0.5534246575342465,0.7931494799222198
random_oversampling,1.0,15,DT,0.8446215139442231,0.465,0.5138121546961326,0.48818897637795283,0.7098855931767442
random_oversampling,1.0,15,GB,0.8541832669322709,0.49523809523809526,0.574585635359116,0.5319693094629157,0.8196986532506148
random_oversampling,1.0,15,lightGBM,0.8772908366533865,0.5771428571428572,0.5580110497237569,0.5674157303370787,0.8178235953784582
random_oversampling,0.2,4,LR,0.8749003984063745,0.6621621621621622,0.27071823204419887,0.38431372549019605,0.7376076422111794
random_oversampling,0.2,4,SVM,0.902788844621514,0.9154929577464789,0.35911602209944754,0.5158730158730159,0.7693524491496652
random_oversampling,0.2,4,DT,0.852589641434263,0.489010989010989,0.49171270718232046,0.49035812672176304,0.7025293990555264
random_oversampling,0.2,4,GB,0.9123505976095617,0.8380952380952381,0.4861878453038674,0.6153846153846154,0.8284540675123717
random_oversampling,0.2,4,lightGBM,0.9035856573705179,0.7631578947368421,0.48066298342541436,0.5898305084745763,0.8172062923752791
random_oversampling,0.4,4,LR,0.8796812749003984,0.6442307692307693,0.3701657458563536,0.4701754385964913,0.7468774756422523
random_oversampling,0.4,4,SVM,0.9059760956175299,0.8387096774193549,0.430939226519337,0.5693430656934306,0.7860299186188874
random_oversampling,0.4,4,DT,0.853386454183267,0.4925373134328358,0.5469613259668509,0.5183246073298431,0.7263264298280812
random_oversampling,0.4,4,GB,0.901195219123506,0.728,0.5027624309392266,0.5947712418300655,0.8262909349053983
random_oversampling,0.4,4,lightGBM,0.895617529880478,0.6785714285714286,0.5248618784530387,0.5919003115264798,0.8203313888288732
random_oversampling,0.6,4,LR,0.8725099601593626,0.574468085106383,0.44751381215469616,0.5031055900621119,0.7520885418274226
random_oversampling,0.6,4,SVM,0.8972111553784861,0.7131147540983607,0.48066298342541436,0.5742574257425743,0.7916628085228968
random_oversampling,0.6,4,DT,0.850199203187251,0.4827586206896552,0.5414364640883977,0.5104166666666666,0.7238083479942796
random_oversampling,0.6,4,GB,0.8924302788844621,0.6575342465753424,0.5303867403314917,0.5871559633027522,0.8209589802154387
random_oversampling,0.6,4,lightGBM,0.8948207171314742,0.6689655172413793,0.5359116022099447,0.5950920245398772,0.8140246098130601
random_oversampling,0.8,4,LR,0.8382470119521912,0.445,0.49171270718232046,0.4671916010498688,0.7530402172906572
random_oversampling,0.8,4,SVM,0.8852589641434263,0.6178343949044586,0.5359116022099447,0.57396449704142,0.790603105034106
random_oversampling,0.8,4,DT,0.8422310756972111,0.45893719806763283,0.5248618784530387,0.4896907216494845,0.7124191075856252
random_oversampling,0.8,4,GB,0.8756972111553785,0.5683060109289617,0.574585635359116,0.5714285714285714,0.8156630348673313
random_oversampling,0.8,4,lightGBM,0.8900398406374502,0.6442953020134228,0.5303867403314917,0.5818181818181818,0.8125533709888165
random_oversampling,1.0,4,LR,0.7840637450199203,0.3469387755102041,0.56353591160221,0.42947368421052634,0.7552059219934772
random_oversampling,1.0,4,SVM,0.8701195219123506,0.5489130434782609,0.5580110497237569,0.5534246575342465,0.7931494799222198
random_oversampling,1.0,4,DT,0.851792828685259,0.48677248677248675,0.5082872928176796,0.4972972972972973,0.7113413994259082
random_oversampling,1.0,4,GB,0.8541832669322709,0.49523809523809526,0.574585635359116,0.5319693094629157,0.8191173595892878
random_oversampling,1.0,4,lightGBM,0.8772908366533865,0.5771428571428572,0.5580110497237569,0.5674157303370787,0.8178235953784582
random_oversampling,0.2,95,LR,0.8749003984063745,0.6621621621621622,0.27071823204419887,0.38431372549019605,0.7376076422111794
random_oversampling,0.2,95,SVM,0.902788844621514,0.9154929577464789,0.35911602209944754,0.5158730158730159,0.7693524491496652
random_oversampling,0.2,95,DT,0.852589641434263,0.4891304347826087,0.4972375690607735,0.4931506849315068,0.7038823214708274
random_oversampling,0.2,95,GB,0.9123505976095617,0.8380952380952381,0.4861878453038674,0.6153846153846154,0.8283769046369743
random_oversampling,0.2,95,lightGBM,0.9035856573705179,0.7631578947368421,0.48066298342541436,0.5898305084745763,0.8172062923752791
random_oversampling,0.4,95,LR,0.8796812749003984,0.6442307692307693,0.3701657458563536,0.4701754385964913,0.7468774756422523
random_oversampling,0.4,95,SVM,0.9059760956175299,0.8387096774193549,0.430939226519337,0.5693430656934306,0.7860299186188874
random_oversampling,0.4,95,DT,0.8414342629482072,0.45714285714285713,0.5303867403314917,0.49104859335038364,0.7145642355216725
random_oversampling,0.4,95,GB,0.90199203187251,0.7301587301587301,0.5082872928176796,0.5993485342019543,0.8266767492823852
random_oversampling,0.4,95,lightGBM,0.895617529880478,0.6785714285714286,0.5248618784530387,0.5919003115264798,0.8203313888288732
random_oversampling,0.6,95,LR,0.8725099601593626,0.574468085106383,0.44751381215469616,0.5031055900621119,0.7520885418274226
random_oversampling,0.6,95,SVM,0.8972111553784861,0.7131147540983607,0.48066298342541436,0.5742574257425743,0.7916628085228968
random_oversampling,0.6,95,DT,0.847808764940239,0.47619047619047616,0.5524861878453039,0.5115089514066496,0.7272703890037759
random_oversampling,0.6,95,GB,0.8924302788844621,0.6575342465753424,0.5303867403314917,0.5871559633027522,0.8206194635636903
random_oversampling,0.6,95,lightGBM,0.8948207171314742,0.6689655172413793,0.5359116022099447,0.5950920245398772,0.8140246098130601
random_oversampling,0.8,95,LR,0.8382470119521912,0.445,0.49171270718232046,0.4671916010498688,0.7530402172906572
random_oversampling,0.8,95,SVM,0.8852589641434263,0.6178343949044586,0.5359116022099447,0.57396449704142,0.790603105034106
random_oversampling,0.8,95,DT,0.850199203187251,0.48223350253807107,0.5248618784530387,0.5026455026455027,0.7168611171126682
random_oversampling,0.8,95,GB,0.8749003984063745,0.5652173913043478,0.574585635359116,0.5698630136986301,0.814685638445631
random_oversampling,0.8,95,lightGBM,0.8900398406374502,0.6442953020134228,0.5303867403314917,0.5818181818181818,0.8125533709888165
random_oversampling,1.0,95,LR,0.7840637450199203,0.3469387755102041,0.56353591160221,0.42947368421052634,0.7552059219934772
random_oversampling,1.0,95,SVM,0.8701195219123506,0.5489130434782609,0.5580110497237569,0.5534246575342465,0.7931494799222198
random_oversampling,1.0,95,DT,0.8382470119521912,0.44660194174757284,0.5082872928176796,0.47545219638242897,0.7028560552280421
random_oversampling,1.0,95,GB,0.8541832669322709,0.49523809523809526,0.574585635359116,0.5319693094629157,0.8194362994742637
random_oversampling,1.0,95,lightGBM,0.8772908366533865,0.5771428571428572,0.5580110497237569,0.5674157303370787,0.8178235953784582
random_oversampling,0.2,36,LR,0.8749003984063745,0.6621621621621622,0.27071823204419887,0.38431372549019605,0.7376076422111794
random_oversampling,0.2,36,SVM,0.902788844621514,0.9154929577464789,0.35911602209944754,0.5158730158730159,0.7693524491496652
random_oversampling,0.2,36,DT,0.8573705179282869,0.5056818181818182,0.49171270718232046,0.49859943977591037,0.7051220716688786
random_oversampling,0.2,36,GB,0.9115537848605577,0.8301886792452831,0.4861878453038674,0.613240418118467,0.8284232023622129
random_oversampling,0.2,36,lightGBM,0.9035856573705179,0.7631578947368421,0.48066298342541436,0.5898305084745763,0.8172062923752791
random_oversampling,0.4,36,LR,0.8796812749003984,0.6442307692307693,0.3701657458563536,0.4701754385964913,0.7468774756422523
random_oversampling,0.4,36,SVM,0.9059760956175299,0.8387096774193549,0.430939226519337,0.5693430656934306,0.7860299186188874
random_oversampling,0.4,36,DT,0.8446215139442231,0.46601941747572817,0.5303867403314917,0.49612403100775193,0.7159583114705187
random_oversampling,0.4,36,GB,0.902788844621514,0.7322834645669292,0.5138121546961326,0.603896103896104,0.8268310750331801
random_oversampling,0.4,36,lightGBM,0.895617529880478,0.6785714285714286,0.5248618784530387,0.5919003115264798,0.8203313888288732
random_oversampling,0.6,36,LR,0.8725099601593626,0.574468085106383,0.44751381215469616,0.5031055900621119,0.7520885418274226
random_oversampling,0.6,36,SVM,0.8972111553784861,0.7131147540983607,0.48066298342541436,0.5742574257425743,0.7916628085228968
random_oversampling,0.6,36,DT,0.850996015936255,0.48514851485148514,0.5414364640883977,0.5117493472584855,0.724790888607673
random_oversampling,0.6,36,GB,0.8924302788844621,0.6575342465753424,0.5303867403314917,0.5871559633027522,0.8209384034486661
random_oversampling,0.6,36,lightGBM,0.8948207171314742,0.6689655172413793,0.5359116022099447,0.5950920245398772,0.8140246098130601
random_oversampling,0.8,36,LR,0.8382470119521912,0.445,0.49171270718232046,0.4671916010498688,0.7530402172906572
random_oversampling,0.8,36,SVM,0.8852589641434263,0.6178343949044586,0.5359116022099447,0.57396449704142,0.790603105034106
random_oversampling,0.8,36,DT,0.847808764940239,0.47549019607843135,0.5359116022099447,0.503896103896104,0.7203514511764766
random_oversampling,0.8,36,GB,0.8756972111553785,0.5683060109289617,0.574585635359116,0.5714285714285714,0.8148039548545736
random_oversampling,0.8,36,lightGBM,0.8900398406374502,0.6442953020134228,0.5303867403314917,0.5818181818181818,0.8125533709888165
random_oversampling,1.0,36,LR,0.7840637450199203,0.3469387755102041,0.56353591160221,0.42947368421052634,0.7552059219934772
random_oversampling,1.0,36,SVM,0.8701195219123506,0.5489130434782609,0.5580110497237569,0.5534246575342465,0.7931494799222198
random_oversampling,1.0,36,DT,0.8494023904382471,0.47959183673469385,0.5193370165745856,0.49867374005305043,0.7148008683395578
random_oversampling,1.0,36,GB,0.853386454183267,0.4928909952606635,0.574585635359116,0.5306122448979591,0.8192768295317756
random_oversampling,1.0,36,lightGBM,0.8772908366533865,0.5771428571428572,0.5580110497237569,0.5674157303370787,0.8178235953784582
random_oversampling,0.2,32,LR,0.8749003984063745,0.6621621621621622,0.27071823204419887,0.38431372549019605,0.7376076422111794
random_oversampling,0.2,32,SVM,0.902788844621514,0.9154929577464789,0.35911602209944754,0.5158730158730159,0.7693524491496652
random_oversampling,0.2,32,DT,0.850996015936255,0.48404255319148937,0.5027624309392266,0.4932249322493225,0.7064364126464809
random_oversampling,0.2,32,GB,0.9123505976095617,0.8380952380952381,0.4861878453038674,0.6153846153846154,0.8280888299021575
random_oversampling,0.2,32,lightGBM,0.9035856573705179,0.7631578947368421,0.48066298342541436,0.5898305084745763,0.8172062923752791
random_oversampling,0.4,32,LR,0.8796812749003984,0.6442307692307693,0.3701657458563536,0.4701754385964913,0.7468774756422523
random_oversampling,0.4,32,SVM,0.9059760956175299,0.8387096774193549,0.430939226519337,0.5693430656934306,0.7860299186188874
random_oversampling,0.4,32,DT,0.850996015936255,0.485,0.5359116022099447,0.5091863517060368,0.721542331553443
random_oversampling,0.4,32,GB,0.90199203187251,0.7301587301587301,0.5082872928176796,0.5993485342019543,0.82683107503318
random_oversampling,0.4,32,lightGBM,0.895617529880478,0.6785714285714286,0.5248618784530387,0.5919003115264798,0.8203313888288732
random_oversampling,0.6,32,LR,0.8725099601593626,0.574468085106383,0.44751381215469616,0.5031055900621119,0.7520885418274226
random_oversampling,0.6,32,SVM,0.8972111553784861,0.7131147540983607,0.48066298342541436,0.5742574257425743,0.7916628085228968
random_oversampling,0.6,32,DT,0.847808764940239,0.47619047619047616,0.5524861878453039,0.5115089514066496,0.7272163749909977
random_oversampling,0.6,32,GB,0.8924302788844621,0.6575342465753424,0.5303867403314917,0.5871559633027522,0.8210618640493019
random_oversampling,0.6,32,lightGBM,0.8948207171314742,0.6689655172413793,0.5359116022099447,0.5950920245398772,0.8140246098130601
random_oversampling,0.8,32,LR,0.8382470119521912,0.445,0.49171270718232046,0.4671916010498688,0.7530402172906572
random_oversampling,0.8,32,SVM,0.8852589641434263,0.6178343949044586,0.5359116022099447,0.57396449704142,0.790603105034106
random_oversampling,0.8,32,DT,0.846215139442231,0.47115384615384615,0.5414364640883977,0.5038560411311054,0.7222059322818606
random_oversampling,0.8,32,GB,0.8756972111553785,0.5683060109289617,0.574585635359116,0.5714285714285714,0.81471650359579
random_oversampling,0.8,32,lightGBM,0.8900398406374502,0.6442953020134228,0.5303867403314917,0.5818181818181818,0.8125533709888165
random_oversampling,1.0,32,LR,0.7840637450199203,0.3469387755102041,0.56353591160221,0.42947368421052634,0.7552059219934772
random_oversampling,1.0,32,SVM,0.8701195219123506,0.5489130434782609,0.5580110497237569,0.5534246575342465,0.7931494799222198
random_oversampling,1.0,32,DT,0.8454183266932271,0.46733668341708545,0.5138121546961326,0.48947368421052634,0.7101067934195499
random_oversampling,1.0,32,GB,0.8541832669322709,0.49523809523809526,0.574585635359116,0.5319693094629157,0.8189578896467999
random_oversampling,1.0,32,lightGBM,0.8772908366533865,0.5771428571428572,0.5580110497237569,0.5674157303370787,0.8178235953784582
random_oversampling,0.2,29,LR,0.8749003984063745,0.6621621621621622,0.27071823204419887,0.38431372549019605,0.7376076422111794
random_oversampling,0.2,29,SVM,0.902788844621514,0.9154929577464789,0.35911602209944754,0.5158730158730159,0.7693524491496652
random_oversampling,0.2,29,DT,0.8549800796812749,0.4971751412429379,0.4861878453038674,0.49162011173184356,0.701191909215305
random_oversampling,0.2,29,GB,0.9123505976095617,0.8380952380952381,0.4861878453038674,0.6153846153846154,0.8283511836785087
random_oversampling,0.2,29,lightGBM,0.9035856573705179,0.7631578947368421,0.48066298342541436,0.5898305084745763,0.8172062923752791
random_oversampling,0.4,29,LR,0.8796812749003984,0.6442307692307693,0.3701657458563536,0.4701754385964913,0.7468774756422523
random_oversampling,0.4,29,SVM,0.9059760956175299,0.8387096774193549,0.430939226519337,0.5693430656934306,0.7860299186188874
random_oversampling,0.4,29,DT,0.8494023904382471,0.48058252427184467,0.5469613259668509,0.5116279069767442,0.7255085033488688
random_oversampling,0.4,29,GB,0.9035856573705179,0.734375,0.5193370165745856,0.6084142394822006,0.8267590563494758
random_oversampling,0.4,29,lightGBM,0.895617529880478,0.6785714285714286,0.5248618784530387,0.5919003115264798,0.8203313888288732
random_oversampling,0.6,29,LR,0.8725099601593626,0.574468085106383,0.44751381215469616,0.5031055900621119,0.7520885418274226
random_oversampling,0.6,29,SVM,0.8972111553784861,0.7131147540983607,0.48066298342541436,0.5742574257425743,0.7916628085228968
random_oversampling,0.6,29,DT,0.8494023904382471,0.4811320754716981,0.56353591160221,0.5190839694656489,0.7320441988950277
random_oversampling,0.6,29,GB,0.8932270916334661,0.6620689655172414,0.5303867403314917,0.5889570552147239,0.8206966264390877
random_oversampling,0.6,29,lightGBM,0.8948207171314742,0.6689655172413793,0.5359116022099447,0.5950920245398772,0.8140246098130601
random_oversampling,0.8,29,LR,0.8382470119521912,0.445,0.49171270718232046,0.4671916010498688,0.7530402172906572
random_oversampling,0.8,29,SVM,0.8852589641434263,0.6178343949044586,0.5359116022099447,0.57396449704142,0.790603105034106
random_oversampling,0.8,29,DT,0.8430278884462151,0.46190476190476193,0.5359116022099447,0.4961636828644501,0.7172546477771946
random_oversampling,0.8,29,GB,0.8749003984063745,0.5652173913043478,0.574585635359116,0.5698630136986301,0.8148759735382779
random_oversampling,0.8,29,lightGBM,0.8900398406374502,0.6442953020134228,0.5303867403314917,0.5818181818181818,0.8125533709888165
random_oversampling,1.0,29,LR,0.7840637450199203,0.3469387755102041,0.56353591160221,0.42947368421052634,0.7552059219934772
random_oversampling,1.0,29,SVM,0.8701195219123506,0.5489130434782609,0.5580110497237569,0.5534246575342465,0.7931494799222198
random_oversampling,1.0,29,DT,0.8446215139442231,0.4639175257731959,0.4972375690607735,0.48000000000000004,0.7024548082759756
random_oversampling,1.0,29,GB,0.8541832669322709,0.49523809523809526,0.574585635359116,0.5319693094629157,0.8192974062985483
random_oversampling,1.0,29,lightGBM,0.8772908366533865,0.5771428571428572,0.5580110497237569,0.5674157303370787,0.8178235953784582
random_oversampling,0.2,18,LR,0.8749003984063745,0.6621621621621622,0.27071823204419887,0.38431372549019605,0.7376076422111794
random_oversampling,0.2,18,SVM,0.902788844621514,0.9154929577464789,0.35911602209944754,0.5158730158730159,0.7693524491496652
random_oversampling,0.2,18,DT,0.852589641434263,0.489010989010989,0.49171270718232046,0.49035812672176304,0.705034620410095
random_oversampling,0.2,18,GB,0.9115537848605577,0.8365384615384616,0.48066298342541436,0.6105263157894737,0.8282534440363385
random_oversampling,0.2,18,lightGBM,0.9035856573705179,0.7631578947368421,0.48066298342541436,0.5898305084745763,0.8172062923752791
random_oversampling,0.4,18,LR,0.8796812749003984,0.6442307692307693,0.3701657458563536,0.4701754385964913,0.7468774756422523
random_oversampling,0.4,18,SVM,0.9059760956175299,0.8387096774193549,0.430939226519337,0.5693430656934306,0.7860299186188874
random_oversampling,0.4,18,DT,0.847011952191235,0.4729064039408867,0.5303867403314917,0.5,0.7168894101669805
random_oversampling,0.4,18,GB,0.902788844621514,0.7322834645669292,0.5138121546961326,0.603896103896104,0.8269030937168843
random_oversampling,0.4,18,lightGBM,0.895617529880478,0.6785714285714286,0.5248618784530387,0.5919003115264798,0.8203313888288732
random_oversampling,0.6,18,LR,0.8725099601593626,0.574468085106383,0.44751381215469616,0.5031055900621119,0.7520885418274226
random_oversampling,0.6,18,SVM,0.8972111553784861,0.7131147540983607,0.48066298342541436,0.5742574257425743,0.7916628085228968
random_oversampling,0.6,18,DT,0.8454183266932271,0.4688995215311005,0.5414364640883977,0.5025641025641026,0.7206781073489922
random_oversampling,0.6,18,GB,0.8924302788844621,0.6575342465753424,0.5303867403314917,0.5871559633027522,0.8209744127905183
random_oversampling,0.6,18,lightGBM,0.8948207171314742,0.6689655172413793,0.5359116022099447,0.5950920245398772,0.8140246098130601
random_oversampling,0.8,18,LR,0.8382470119521912,0.445,0.49171270718232046,0.4671916010498688,0.7530402172906572
random_oversampling,0.8,18,SVM,0.8852589641434263,0.6178343949044586,0.5359116022099447,0.57396449704142,0.790603105034106
random_oversampling,0.8,18,DT,0.8454183266932271,0.46798029556650245,0.5248618784530387,0.49479166666666663,0.713802895151085
random_oversampling,0.8,18,GB,0.8756972111553785,0.5683060109289617,0.574585635359116,0.5714285714285714,0.8156527464839449
random_oversampling,0.8,18,lightGBM,0.8900398406374502,0.6442953020134228,0.5303867403314917,0.5818181818181818,0.8125533709888165
random_oversampling,1.0,18,LR,0.7840637450199203,0.3469387755102041,0.56353591160221,0.42947368421052634,0.7552059219934772
random_oversampling,1.0,18,SVM,0.8701195219123506,0.5489130434782609,0.5580110497237569,0.5534246575342465,0.7931494799222198
random_oversampling,1.0,18,DT,0.847808764940239,0.47474747474747475,0.5193370165745856,0.4960422163588391,0.7136228484418243
random_oversampling,1.0,18,GB,0.8557768924302789,0.5,0.580110497237569,0.5370843989769821,0.8201667746946923
random_oversampling,1.0,18,lightGBM,0.8772908366533865,0.5771428571428572,0.5580110497237569,0.5674157303370787,0.8178235953784582
random_oversampling,0.2,14,LR,0.8749003984063745,0.6621621621621622,0.27071823204419887,0.38431372549019605,0.7376076422111794
random_oversampling,0.2,14,SVM,0.902788844621514,0.9154929577464789,0.35911602209944754,0.5158730158730159,0.7693524491496652
random_oversampling,0.2,14,DT,0.8605577689243028,0.5172413793103449,0.4972375690607735,0.5070422535211268,0.7093042995154172
random_oversampling,0.2,14,GB,0.9115537848605577,0.8365384615384616,0.48066298342541436,0.6105263157894737,0.8284797884708375
random_oversampling,0.2,14,lightGBM,0.9035856573705179,0.7631578947368421,0.48066298342541436,0.5898305084745763,0.8172062923752791
random_oversampling,0.4,14,LR,0.8796812749003984,0.6442307692307693,0.3701657458563536,0.4701754385964913,0.7468774756422523
random_oversampling,0.4,14,SVM,0.9059760956175299,0.8387096774193549,0.430939226519337,0.5693430656934306,0.7860299186188874
random_oversampling,0.4,14,DT,0.8541832669322709,0.49489795918367346,0.5359116022099447,0.5145888594164456,0.723708036256263
random_oversampling,0.4,14,GB,0.9035856573705179,0.734375,0.5193370165745856,0.6084142394822006,0.8263475210140232
random_oversampling,0.4,14,lightGBM,0.895617529880478,0.6785714285714286,0.5248618784530387,0.5919003115264798,0.8203313888288732
random_oversampling,0.6,14,LR,0.8725099601593626,0.574468085106383,0.44751381215469616,0.5031055900621119,0.7520885418274226
random_oversampling,0.6,14,SVM,0.8972111553784861,0.7131147540983607,0.48066298342541436,0.5742574257425743,0.7916628085228968
random_oversampling,0.6,14,DT,0.8446215139442231,0.4675925925925926,0.5580110497237569,0.5088161209068011,0.7279417060197332
random_oversampling,0.6,14,GB,0.8924302788844621,0.6575342465753424,0.5303867403314917,0.5871559633027522,0.8206297519470764
random_oversampling,0.6,14,lightGBM,0.8948207171314742,0.6689655172413793,0.5359116022099447,0.5950920245398772,0.8140246098130601
random_oversampling,0.8,14,LR,0.8382470119521912,0.445,0.49171270718232046,0.4671916010498688,0.7530402172906572
random_oversampling,0.8,14,SVM,0.8852589641434263,0.6178343949044586,0.5359116022099447,0.57396449704142,0.790603105034106
random_oversampling,0.8,14,DT,0.8454183266932271,0.46766169154228854,0.5193370165745856,0.4921465968586387,0.7116989207485828
random_oversampling,0.8,14,GB,0.8756972111553785,0.5683060109289617,0.574585635359116,0.5714285714285714,0.8147422245542557
random_oversampling,0.8,14,lightGBM,0.8900398406374502,0.6442953020134228,0.5303867403314917,0.5818181818181818,0.8125533709888165
random_oversampling,1.0,14,LR,0.7840637450199203,0.3469387755102041,0.56353591160221,0.42947368421052634,0.7552059219934772
random_oversampling,1.0,14,SVM,0.8701195219123506,0.5489130434782609,0.5580110497237569,0.5534246575342465,0.7931494799222198
random_oversampling,1.0,14,DT,0.8430278884462151,0.4603960396039604,0.5138121546961326,0.48563968668407315,0.7091679784355485
random_oversampling,1.0,14,GB,0.8541832669322709,0.49523809523809526,0.574585635359116,0.5319693094629157,0.8186852474870624
random_oversampling,1.0,14,lightGBM,0.8772908366533865,0.5771428571428572,0.5580110497237569,0.5674157303370787,0.8178235953784582
random_oversampling,0.2,87,LR,0.8749003984063745,0.6621621621621622,0.27071823204419887,0.38431372549019605,0.7376076422111794
random_oversampling,0.2,87,SVM,0.902788844621514,0.9154929577464789,0.35911602209944754,0.5158730158730159,0.7693524491496652
random_oversampling,0.2,87,DT,0.8573705179282869,0.5055555555555555,0.5027624309392266,0.5041551246537396,0.71227249812237
random_oversampling,0.2,87,GB,0.9123505976095617,0.8380952380952381,0.4861878453038674,0.6153846153846154,0.8283820488286675
random_oversampling,0.2,87,lightGBM,0.9035856573705179,0.7631578947368421,0.48066298342541436,0.5898305084745763,0.8172062923752791
random_oversampling,0.4,87,LR,0.8796812749003984,0.6442307692307693,0.3701657458563536,0.4701754385964913,0.7468774756422523
random_oversampling,0.4,87,SVM,0.9059760956175299,0.8387096774193549,0.430939226519337,0.5693430656934306,0.7860299186188874
random_oversampling,0.4,87,DT,0.8549800796812749,0.49743589743589745,0.5359116022099447,0.5159574468085107,0.7241658693169541
random_oversampling,0.4,87,GB,0.9035856573705179,0.7380952380952381,0.5138121546961326,0.6058631921824106,0.827155159109849
random_oversampling,0.4,87,lightGBM,0.895617529880478,0.6785714285714286,0.5248618784530387,0.5919003115264798,0.8203313888288732
random_oversampling,0.6,87,LR,0.8725099601593626,0.574468085106383,0.44751381215469616,0.5031055900621119,0.7520885418274226
random_oversampling,0.6,87,SVM,0.8972111553784861,0.7131147540983607,0.48066298342541436,0.5742574257425743,0.7916628085228968
random_oversampling,0.6,87,DT,0.851792828685259,0.48792270531400966,0.5580110497237569,0.520618556701031,0.7311542537321111
random_oversampling,0.6,87,GB,0.8924302788844621,0.6575342465753424,0.5303867403314917,0.5871559633027522,0.8215299854933794
random_oversampling,0.6,87,lightGBM,0.8948207171314742,0.6689655172413793,0.5359116022099447,0.5950920245398772,0.8140246098130601
random_oversampling,0.8,87,LR,0.8382470119521912,0.445,0.49171270718232046,0.4671916010498688,0.7530402172906572
random_oversampling,0.8,87,SVM,0.8852589641434263,0.6178343949044586,0.5359116022099447,0.57396449704142,0.790603105034106
random_oversampling,0.8,87,DT,0.847011952191235,0.47317073170731705,0.5359116022099447,0.5025906735751295,0.7196029712851219
random_oversampling,0.8,87,GB,0.8764940239043825,0.5714285714285714,0.574585635359116,0.5730027548209365,0.815750486126115
random_oversampling,0.8,87,lightGBM,0.8900398406374502,0.6442953020134228,0.5303867403314917,0.5818181818181818,0.8125533709888165
random_oversampling,1.0,87,LR,0.7840637450199203,0.3469387755102041,0.56353591160221,0.42947368421052634,0.7552059219934772
random_oversampling,1.0,87,SVM,0.8701195219123506,0.5489130434782609,0.5580110497237569,0.5534246575342465,0.7931494799222198
random_oversampling,1.0,87,DT,0.847011952191235,0.472636815920398,0.5248618784530387,0.49738219895287955,0.7152304083459367
random_oversampling,1.0,87,GB,0.853386454183267,0.4928909952606635,0.574585635359116,0.5306122448979591,0.8189681780301861
random_oversampling,1.0,87,lightGBM,0.8772908366533865,0.5771428571428572,0.5580110497237569,0.5674157303370787,0.8178235953784582
