#
 0,      No_Sampling_0.0,  0.68,  0.21,                     | --------*---      ,  0.14,  0.85
 0, intelligent_pruning0.5_0.2,  0.68,  0.21,                     | -------*----      ,  0.14,  0.85
 0, intelligent_pruning0.9_0.2,  0.68,  0.21,                     | -------*----      ,  0.14,  0.85
 0, intelligent_pruning1.0_0.2,  0.68,  0.21,                     | -------*----      ,  0.14,  0.85
 0,  gaussian_copula_0.2,  0.68,  0.22,                     | -------*----      ,  0.14,  0.85
 0, intelligent_pruning0.7_0.2,  0.68,  0.21,                     | -------*----      ,  0.14,  0.85
 0,            smote_0.2,  0.68,  0.20,                     | -------*---       ,  0.14,  0.85
 0,              RRP_0.2,  0.67,  0.27,                  ---|--------*--        ,  0.14,  0.85
 0, intelligent_pruning0.5_0.4,  0.67,  0.21,                     | -------*---       ,  0.14,  0.85
 0, intelligent_pruning0.9_0.4,  0.67,  0.20,                     | -------*---       ,  0.14,  0.85
 0, intelligent_pruning1.0_0.4,  0.67,  0.19,                     | -------*---       ,  0.14,  0.85
 0, random_oversampling_0.2,  0.67,  0.19,                     | -------*---       ,  0.14,  0.85
 0,   random_pruning_0.2,  0.67,  0.21,                     | -------*----      ,  0.14,  0.85
 0,   random_pruning_0.4,  0.67,  0.20,                     | -------*---       ,  0.14,  0.85
 0,  gaussian_copula_0.6,  0.67,  0.21,                     | -------*---       ,  0.14,  0.85
 0, intelligent_pruning0.7_0.4,  0.67,  0.19,                     | -------*---       ,  0.14,  0.85
 0, intelligent_pruning0.9_0.6,  0.67,  0.17,                     |--------*-         ,  0.14,  0.85
 0, intelligent_pruning1.0_0.6,  0.67,  0.16,                     |--------*          ,  0.14,  0.85
 0,   random_pruning_0.6,  0.67,  0.19,                     | -------*--        ,  0.14,  0.85
 0,  gaussian_copula_0.4,  0.67,  0.21,                     | -------*----      ,  0.14,  0.85
 0,  gaussian_copula_0.8,  0.67,  0.21,                     |--------*---       ,  0.14,  0.85
 0, intelligent_pruning0.5_0.6,  0.67,  0.19,                     | -------*--        ,  0.14,  0.85
 0, intelligent_pruning0.7_0.6,  0.67,  0.19,                     |--------*--        ,  0.14,  0.85
 0, random_oversampling_0.4,  0.67,  0.18,                     | -------*--        ,  0.14,  0.85
 0,            smote_0.4,  0.67,  0.19,                     | -------*--        ,  0.14,  0.85
 0,  gaussian_copula_1.0,  0.67,  0.21,                     |--------*---       ,  0.14,  0.85
 0,        svm_smote_0.2,  0.67,  0.19,                     | -------*---       ,  0.14,  0.85
 0,        svm_smote_0.4,  0.67,  0.19,                     |--------*--        ,  0.14,  0.85
 0, intelligent_pruning0.7_0.8,  0.67,  0.16,                     |--------*          ,  0.14,  0.85
 0, random_oversampling_0.6,  0.67,  0.16,                     | -------*-         ,  0.14,  0.85
 0,            smote_0.6,  0.67,  0.17,                     | -------*-         ,  0.14,  0.85
 0, intelligent_pruning0.5_0.8,  0.67,  0.17,                     |--------*-         ,  0.14,  0.85
 0, intelligent_pruning0.9_0.8,  0.67,  0.16,                     |--------*          ,  0.14,  0.85
 0, intelligent_pruning1.0_0.8,  0.66,  0.17,                     |--------*          ,  0.14,  0.85
 0,   random_pruning_0.8,  0.66,  0.17,                     |--------*-         ,  0.14,  0.85
 0,        svm_smote_0.6,  0.66,  0.18,                     |--------*-         ,  0.14,  0.85
 0,            smote_0.8,  0.66,  0.16,                     | -------*          ,  0.14,  0.85
 0,        svm_smote_0.8,  0.66,  0.17,                     |-------*-          ,  0.14,  0.85
 0, random_oversampling_0.8,  0.66,  0.16,                     |-------*-          ,  0.14,  0.85
 0, intelligent_pruning0.5_1.0,  0.65,  0.15,                     |-------*           ,  0.14,  0.85
 0,            smote_1.0,  0.65,  0.16,                     |-------*-          ,  0.14,  0.85
 0,              RRP_0.4,  0.65,  0.30,               ------|-------*--         ,  0.14,  0.85
 0,        svm_smote_1.0,  0.65,  0.17,                     |-------*           ,  0.14,  0.85
 0, intelligent_pruning0.7_1.0,  0.65,  0.16,                     |-------*           ,  0.14,  0.85
 0,   random_pruning_1.0,  0.65,  0.15,                     |-------*-          ,  0.14,  0.85
 0, random_oversampling_1.0,  0.65,  0.15,                     |-------*           ,  0.14,  0.85
 0,              RRP_0.6,  0.63,  0.32,              -------|------*---         ,  0.14,  0.85
 0, intelligent_pruning1.0_1.0,  0.63,  0.16,                     |------*-           ,  0.14,  0.85
 0, intelligent_pruning0.9_1.0,  0.63,  0.16,                     |------*-           ,  0.14,  0.85
 0,              RRP_0.8,  0.63,  0.33,            ---------|------*-           ,  0.14,  0.85
 0,              RRP_1.0,  0.60,  0.34,            ---------|----*---           ,  0.14,  0.85
